2 3 75 5
0 140
0 140
0 140
0 140
0 140
 1 22 22 0 18 1 5 1 2 4 8 16
 2 36 26 0 26 1 5 1 2 4 8 16
 3 21 45 0 11 1 5 1 2 4 8 16
 4 45 35 0 30 1 5 1 2 4 8 16
 5 55 20 0 21 1 5 1 2 4 8 16
 6 33 34 0 19 1 5 1 2 4 8 16
 7 50 50 0 15 1 5 1 2 4 8 16
 8 55 45 0 16 1 5 1 2 4 8 16
 9 26 59 0 29 1 5 1 2 4 8 16
10 40 66 0 26 1 5 1 2 4 8 16
11 55 65 0 37 1 5 1 2 4 8 16
12 35 51 0 16 1 5 1 2 4 8 16
13 62 35 0 12 1 5 1 2 4 8 16
14 62 57 0 31 1 5 1 2 4 8 16
15 62 24 0  8 1 5 1 2 4 8 16
16 21 36 0 19 1 5 1 2 4 8 16
17 33 44 0 20 1 5 1 2 4 8 16
18  9 56 0 13 1 5 1 2 4 8 16
19 62 48 0 15 1 5 1 2 4 8 16
20 66 14 0 22 1 5 1 2 4 8 16
21 44 13 0 28 1 5 1 2 4 8 16
22 26 13 0 12 1 5 1 2 4 8 16
23 11 28 0  6 1 5 1 2 4 8 16
24  7 43 0 27 1 5 1 2 4 8 16
25 17 64 0 14 1 5 1 2 4 8 16
26 41 46 0 18 1 5 1 2 4 8 16
27 55 34 0 17 1 5 1 2 4 8 16
28 35 16 0 29 1 5 1 2 4 8 16
29 52 26 0 13 1 5 1 2 4 8 16
30 43 26 0 22 1 5 1 2 4 8 16
31 31 76 0 25 1 5 1 2 4 8 16
32 22 53 0 28 1 5 1 2 4 8 16
33 26 29 0 27 1 5 1 2 4 8 16
34 50 40 0 19 1 5 1 2 4 8 16
35 55 50 0 10 1 5 1 2 4 8 16
36 54 10 0 12 1 5 1 2 4 8 16
37 60 15 0 14 1 5 1 2 4 8 16
38 47 66 0 24 1 5 1 2 4 8 16
39 30 60 0 16 1 5 1 2 4 8 16
40 30 50 0 33 1 5 1 2 4 8 16
41 12 17 0 15 1 5 1 2 4 8 16
42 15 14 0 11 1 5 1 2 4 8 16
43 16 19 0 18 1 5 1 2 4 8 16
44 21 48 0 17 1 5 1 2 4 8 16
45 50 30 0 21 1 5 1 2 4 8 16
46 51 42 0 27 1 5 1 2 4 8 16
47 50 15 0 19 1 5 1 2 4 8 16
48 48 21 0 20 1 5 1 2 4 8 16
49 12 38 0  5 1 5 1 2 4 8 16
50 15 56 0 22 1 5 1 2 4 8 16
51 29 39 0 12 1 5 1 2 4 8 16
52 54 38 0 19 1 5 1 2 4 8 16
53 55 57 0 22 1 5 1 2 4 8 16
54 67 41 0 16 1 5 1 2 4 8 16
55 10 70 0  7 1 5 1 2 4 8 16
56  6 25 0 26 1 5 1 2 4 8 16
57 65 27 0 14 1 5 1 2 4 8 16
58 40 60 0 21 1 5 1 2 4 8 16
59 70 64 0 24 1 5 1 2 4 8 16
60 64  4 0 13 1 5 1 2 4 8 16
61 36  6 0 15 1 5 1 2 4 8 16
62 30 20 0 18 1 5 1 2 4 8 16
63 20 30 0 11 1 5 1 2 4 8 16
64 15  5 0 28 1 5 1 2 4 8 16
65 50 70 0  9 1 5 1 2 4 8 16
66 57 72 0 37 1 5 1 2 4 8 16
67 45 42 0 30 1 5 1 2 4 8 16
68 38 33 0 10 1 5 1 2 4 8 16
69 50  4 0  8 1 5 1 2 4 8 16
70 66  8 0 11 1 5 1 2 4 8 16
71 59  5 0  3 1 5 1 2 4 8 16
72 35 60 0  1 1 5 1 2 4 8 16
73 27 24 0  6 1 5 1 2 4 8 16
74 40 20 0 10 1 5 1 2 4 8 16
75 40 37 0 20 1 5 1 2 4 8 16
76 40 40 0  0 0 0
77 50 22 0  0 0 0
78 55 55 0  0 0 0
79 25 45 0  0 0 0
80 20 20 0  0 0 0
