2 6 100 3
0 100
0 100
0 100
  1 41 49 0 10 1 3 1 2 4
  2 35 17 0  7 1 3 1 2 4
  3 55 45 0 13 1 3 1 2 4
  4 55 20 0 19 1 3 1 2 4
  5 15 30 0 26 1 3 1 2 4
  6 25 30 0  3 1 3 1 2 4
  7 20 50 0  5 1 3 1 2 4
  8 10 43 0  9 1 3 1 2 4
  9 55 60 0 16 1 3 1 2 4
 10 30 60 0 16 1 3 1 2 4
 11 20 65 0 12 1 3 1 2 4
 12 50 35 0 19 1 3 1 2 4
 13 30 25 0 23 1 3 1 2 4
 14 15 10 0 20 1 3 1 2 4
 15 30  5 0  8 1 3 1 2 4
 16 10 20 0 19 1 3 1 2 4
 17  5 30 0  2 1 3 1 2 4
 18 20 40 0 12 1 3 1 2 4
 19 15 60 0 17 1 3 1 2 4
 20 45 65 0  9 1 3 1 2 4
 21 45 20 0 11 1 3 1 2 4
 22 45 10 0 18 1 3 1 2 4
 23 55  5 0 29 1 3 1 2 4
 24 65 35 0  3 1 3 1 2 4
 25 65 20 0  6 1 3 1 2 4
 26 45 30 0 17 1 3 1 2 4
 27 35 40 0 16 1 3 1 2 4
 28 41 37 0 16 1 3 1 2 4
 29 64 42 0  9 1 3 1 2 4
 30 40 60 0 21 1 3 1 2 4
 31 31 52 0 27 1 3 1 2 4
 32 35 69 0 23 1 3 1 2 4
 33 53 52 0 11 1 3 1 2 4
 34 65 55 0 14 1 3 1 2 4
 35 63 65 0  8 1 3 1 2 4
 36  2 60 0  5 1 3 1 2 4
 37 20 20 0  8 1 3 1 2 4
 38  5  5 0 16 1 3 1 2 4
 39 60 12 0 31 1 3 1 2 4
 40 40 25 0  9 1 3 1 2 4
 41 42  7 0  5 1 3 1 2 4
 42 24 12 0  5 1 3 1 2 4
 43 23  3 0  7 1 3 1 2 4
 44 11 14 0 18 1 3 1 2 4
 45  6 38 0 16 1 3 1 2 4
 46  2 48 0  1 1 3 1 2 4
 47  8 56 0 27 1 3 1 2 4
 48 13 52 0 36 1 3 1 2 4
 49  6 68 0 30 1 3 1 2 4
 50 47 47 0 13 1 3 1 2 4
 51 49 58 0 10 1 3 1 2 4
 52 27 43 0  9 1 3 1 2 4
 53 37 31 0 14 1 3 1 2 4
 54 57 29 0 18 1 3 1 2 4
 55 63 23 0  2 1 3 1 2 4
 56 53 12 0  6 1 3 1 2 4
 57 32 12 0  7 1 3 1 2 4
 58 36 26 0 18 1 3 1 2 4
 59 21 24 0 28 1 3 1 2 4
 60 17 34 0  3 1 3 1 2 4
 61 12 24 0 13 1 3 1 2 4
 62 24 58 0 19 1 3 1 2 4
 63 27 69 0 10 1 3 1 2 4
 64 15 77 0  9 1 3 1 2 4
 65 62 77 0 20 1 3 1 2 4
 66 49 73 0 25 1 3 1 2 4
 67 67  5 0 25 1 3 1 2 4
 68 56 39 0 36 1 3 1 2 4
 69 37 47 0  6 1 3 1 2 4
 70 37 56 0  5 1 3 1 2 4
 71 57 68 0 15 1 3 1 2 4
 72 47 16 0 25 1 3 1 2 4
 73 44 17 0  9 1 3 1 2 4
 74 46 13 0  8 1 3 1 2 4
 75 49 11 0 18 1 3 1 2 4
 76 49 42 0 13 1 3 1 2 4
 77 53 43 0 14 1 3 1 2 4
 78 61 52 0  3 1 3 1 2 4
 79 57 48 0 23 1 3 1 2 4
 80 56 37 0  6 1 3 1 2 4
 81 55 54 0 26 1 3 1 2 4
 82 15 47 0 16 1 3 1 2 4
 83 14 37 0 11 1 3 1 2 4
 84 11 31 0  7 1 3 1 2 4
 85 16 22 0 41 1 3 1 2 4
 86  4 18 0 35 1 3 1 2 4
 87 28 18 0 26 1 3 1 2 4
 88 26 52 0  9 1 3 1 2 4
 89 26 35 0 15 1 3 1 2 4
 90 31 67 0  3 1 3 1 2 4
 91 15 19 0  1 1 3 1 2 4
 92 22 22 0  2 1 3 1 2 4
 93 18 24 0 22 1 3 1 2 4
 94 26 27 0 27 1 3 1 2 4
 95 25 24 0 20 1 3 1 2 4
 96 22 27 0 11 1 3 1 2 4
 97 25 21 0 12 1 3 1 2 4
 98 19 21 0 10 1 3 1 2 4
 99 20 26 0  9 1 3 1 2 4
100 18 18 0 17 1 3 1 2 4
101 15 20 0  0 0 0
102 50 20 0  0 0 0
103 35 55 0  0 0 0
