2 4 100 4
0 100
0 100
0 100
0 100
  1 41 49 0 10 1 4 1 2 4 8
  2 35 17 0  7 1 4 1 2 4 8
  3 55 45 0 13 1 4 1 2 4 8
  4 55 20 0 19 1 4 1 2 4 8
  5 15 30 0 26 1 4 1 2 4 8
  6 25 30 0  3 1 4 1 2 4 8
  7 20 50 0  5 1 4 1 2 4 8
  8 10 43 0  9 1 4 1 2 4 8
  9 55 60 0 16 1 4 1 2 4 8
 10 30 60 0 16 1 4 1 2 4 8
 11 20 65 0 12 1 4 1 2 4 8
 12 50 35 0 19 1 4 1 2 4 8
 13 30 25 0 23 1 4 1 2 4 8
 14 15 10 0 20 1 4 1 2 4 8
 15 30  5 0  8 1 4 1 2 4 8
 16 10 20 0 19 1 4 1 2 4 8
 17  5 30 0  2 1 4 1 2 4 8
 18 20 40 0 12 1 4 1 2 4 8
 19 15 60 0 17 1 4 1 2 4 8
 20 45 65 0  9 1 4 1 2 4 8
 21 45 20 0 11 1 4 1 2 4 8
 22 45 10 0 18 1 4 1 2 4 8
 23 55  5 0 29 1 4 1 2 4 8
 24 65 35 0  3 1 4 1 2 4 8
 25 65 20 0  6 1 4 1 2 4 8
 26 45 30 0 17 1 4 1 2 4 8
 27 35 40 0 16 1 4 1 2 4 8
 28 41 37 0 16 1 4 1 2 4 8
 29 64 42 0  9 1 4 1 2 4 8
 30 40 60 0 21 1 4 1 2 4 8
 31 31 52 0 27 1 4 1 2 4 8
 32 35 69 0 23 1 4 1 2 4 8
 33 53 52 0 11 1 4 1 2 4 8
 34 65 55 0 14 1 4 1 2 4 8
 35 63 65 0  8 1 4 1 2 4 8
 36  2 60 0  5 1 4 1 2 4 8
 37 20 20 0  8 1 4 1 2 4 8
 38  5  5 0 16 1 4 1 2 4 8
 39 60 12 0 31 1 4 1 2 4 8
 40 40 25 0  9 1 4 1 2 4 8
 41 42  7 0  5 1 4 1 2 4 8
 42 24 12 0  5 1 4 1 2 4 8
 43 23  3 0  7 1 4 1 2 4 8
 44 11 14 0 18 1 4 1 2 4 8
 45  6 38 0 16 1 4 1 2 4 8
 46  2 48 0  1 1 4 1 2 4 8
 47  8 56 0 27 1 4 1 2 4 8
 48 13 52 0 36 1 4 1 2 4 8
 49  6 68 0 30 1 4 1 2 4 8
 50 47 47 0 13 1 4 1 2 4 8
 51 49 58 0 10 1 4 1 2 4 8
 52 27 43 0  9 1 4 1 2 4 8
 53 37 31 0 14 1 4 1 2 4 8
 54 57 29 0 18 1 4 1 2 4 8
 55 63 23 0  2 1 4 1 2 4 8
 56 53 12 0  6 1 4 1 2 4 8
 57 32 12 0  7 1 4 1 2 4 8
 58 36 26 0 18 1 4 1 2 4 8
 59 21 24 0 28 1 4 1 2 4 8
 60 17 34 0  3 1 4 1 2 4 8
 61 12 24 0 13 1 4 1 2 4 8
 62 24 58 0 19 1 4 1 2 4 8
 63 27 69 0 10 1 4 1 2 4 8
 64 15 77 0  9 1 4 1 2 4 8
 65 62 77 0 20 1 4 1 2 4 8
 66 49 73 0 25 1 4 1 2 4 8
 67 67  5 0 25 1 4 1 2 4 8
 68 56 39 0 36 1 4 1 2 4 8
 69 37 47 0  6 1 4 1 2 4 8
 70 37 56 0  5 1 4 1 2 4 8
 71 57 68 0 15 1 4 1 2 4 8
 72 47 16 0 25 1 4 1 2 4 8
 73 44 17 0  9 1 4 1 2 4 8
 74 46 13 0  8 1 4 1 2 4 8
 75 49 11 0 18 1 4 1 2 4 8
 76 49 42 0 13 1 4 1 2 4 8
 77 53 43 0 14 1 4 1 2 4 8
 78 61 52 0  3 1 4 1 2 4 8
 79 57 48 0 23 1 4 1 2 4 8
 80 56 37 0  6 1 4 1 2 4 8
 81 55 54 0 26 1 4 1 2 4 8
 82 15 47 0 16 1 4 1 2 4 8
 83 14 37 0 11 1 4 1 2 4 8
 84 11 31 0  7 1 4 1 2 4 8
 85 16 22 0 41 1 4 1 2 4 8
 86  4 18 0 35 1 4 1 2 4 8
 87 28 18 0 26 1 4 1 2 4 8
 88 26 52 0  9 1 4 1 2 4 8
 89 26 35 0 15 1 4 1 2 4 8
 90 31 67 0  3 1 4 1 2 4 8
 91 15 19 0  1 1 4 1 2 4 8
 92 22 22 0  2 1 4 1 2 4 8
 93 18 24 0 22 1 4 1 2 4 8
 94 26 27 0 27 1 4 1 2 4 8
 95 25 24 0 20 1 4 1 2 4 8
 96 22 27 0 11 1 4 1 2 4 8
 97 25 21 0 12 1 4 1 2 4 8
 98 19 21 0 10 1 4 1 2 4 8
 99 20 26 0  9 1 4 1 2 4 8
100 18 18 0 17 1 4 1 2 4 8
101 15 35 0  0 0 0
102 55 35 0  0 0 0
103 35 20 0  0 0 0
104 35 50 0  0 0 0
