2 8 249 4
310 500
310 500
310 500
310 500
  1 -99 -97 0   6 1 4 1 2 4 8
  2 -59  50 0  72 1 4 1 2 4 8
  3   0  14 0  93 1 4 1 2 4 8
  4 -17 -66 0  28 1 4 1 2 4 8
  5 -69 -19 0   5 1 4 1 2 4 8
  6  31  12 0  43 1 4 1 2 4 8
  7   5 -41 0   1 1 4 1 2 4 8
  8 -12  10 0  36 1 4 1 2 4 8
  9 -64  70 0  53 1 4 1 2 4 8
 10 -12  85 0  63 1 4 1 2 4 8
 11 -18  64 0  25 1 4 1 2 4 8
 12 -77 -16 0  50 1 4 1 2 4 8
 13 -53  88 0  57 1 4 1 2 4 8
 14  83 -24 0   1 1 4 1 2 4 8
 15  24  41 0  66 1 4 1 2 4 8
 16  17  21 0  37 1 4 1 2 4 8
 17  42  96 0  51 1 4 1 2 4 8
 18 -65   0 0  47 1 4 1 2 4 8
 19 -47 -26 0  88 1 4 1 2 4 8
 20  85  36 0  75 1 4 1 2 4 8
 21 -35 -54 0  48 1 4 1 2 4 8
 22  54 -21 0  40 1 4 1 2 4 8
 23  64 -17 0   8 1 4 1 2 4 8
 24  55  89 0  69 1 4 1 2 4 8
 25  17 -25 0  93 1 4 1 2 4 8
 26 -61  66 0  29 1 4 1 2 4 8
 27 -61  26 0   5 1 4 1 2 4 8
 28  17 -72 0  53 1 4 1 2 4 8
 29  79  38 0   8 1 4 1 2 4 8
 30 -62  -2 0  24 1 4 1 2 4 8
 31 -90 -68 0  53 1 4 1 2 4 8
 32  52  66 0  13 1 4 1 2 4 8
 33 -54 -50 0  47 1 4 1 2 4 8
 34   8 -84 0  57 1 4 1 2 4 8
 35  37 -90 0   9 1 4 1 2 4 8
 36 -83  49 0  74 1 4 1 2 4 8
 37  35  -1 0  83 1 4 1 2 4 8
 38   7  59 0  96 1 4 1 2 4 8
 39  12  48 0  42 1 4 1 2 4 8
 40  57  95 0  80 1 4 1 2 4 8
 41  92  28 0  22 1 4 1 2 4 8
 42  -3  97 0  56 1 4 1 2 4 8
 43  -7  52 0  43 1 4 1 2 4 8
 44  42 -15 0  12 1 4 1 2 4 8
 45  77 -43 0  73 1 4 1 2 4 8
 46  59 -49 0  32 1 4 1 2 4 8
 47  25  91 0   8 1 4 1 2 4 8
 48  69 -19 0  79 1 4 1 2 4 8
 49 -82 -14 0  79 1 4 1 2 4 8
 50  74 -70 0   4 1 4 1 2 4 8
 51  69  59 0  14 1 4 1 2 4 8
 52  29  33 0  17 1 4 1 2 4 8
 53 -97   9 0  19 1 4 1 2 4 8
 54 -58   9 0  44 1 4 1 2 4 8
 55  28  93 0   5 1 4 1 2 4 8
 56   7  73 0  37 1 4 1 2 4 8
 57 -28  73 0 100 1 4 1 2 4 8
 58 -76  55 0  62 1 4 1 2 4 8
 59  41  42 0  90 1 4 1 2 4 8
 60  92  40 0  57 1 4 1 2 4 8
 61 -84 -29 0  44 1 4 1 2 4 8
 62 -12  42 0  37 1 4 1 2 4 8
 63  51 -45 0  80 1 4 1 2 4 8
 64 -37  46 0  60 1 4 1 2 4 8
 65 -97  35 0  95 1 4 1 2 4 8
 66  14  89 0  56 1 4 1 2 4 8
 67  60  58 0  56 1 4 1 2 4 8
 68 -63 -75 0   9 1 4 1 2 4 8
 69 -18  34 0  39 1 4 1 2 4 8
 70 -46 -82 0  15 1 4 1 2 4 8
 71 -86 -79 0   4 1 4 1 2 4 8
 72 -43 -30 0  58 1 4 1 2 4 8
 73 -44   7 0  73 1 4 1 2 4 8
 74  -3 -20 0   5 1 4 1 2 4 8
 75  36  41 0  12 1 4 1 2 4 8
 76 -30 -94 0   3 1 4 1 2 4 8
 77  79 -62 0   8 1 4 1 2 4 8
 78  51  70 0  31 1 4 1 2 4 8
 79 -61 -26 0  48 1 4 1 2 4 8
 80   6  94 0   3 1 4 1 2 4 8
 81 -19 -62 0  52 1 4 1 2 4 8
 82 -20  51 0  99 1 4 1 2 4 8
 83 -81  37 0  29 1 4 1 2 4 8
 84   7  31 0  12 1 4 1 2 4 8
 85  52  12 0  50 1 4 1 2 4 8
 86  83 -91 0  98 1 4 1 2 4 8
 87  -7 -92 0   4 1 4 1 2 4 8
 88  82 -74 0  56 1 4 1 2 4 8
 89 -70  85 0  24 1 4 1 2 4 8
 90 -83 -30 0  33 1 4 1 2 4 8
 91  71 -61 0  45 1 4 1 2 4 8
 92  85  11 0  98 1 4 1 2 4 8
 93  66 -48 0   4 1 4 1 2 4 8
 94  78 -87 0  36 1 4 1 2 4 8
 95   9 -79 0  72 1 4 1 2 4 8
 96 -36   4 0  26 1 4 1 2 4 8
 97  66  39 0  71 1 4 1 2 4 8
 98  92 -17 0  84 1 4 1 2 4 8
 99 -46 -79 0  21 1 4 1 2 4 8
100 -30 -63 0  99 1 4 1 2 4 8
101 -42  63 0  33 1 4 1 2 4 8
102  20  42 0  84 1 4 1 2 4 8
103  15  98 0  74 1 4 1 2 4 8
104   1 -17 0  93 1 4 1 2 4 8
105  64  20 0  25 1 4 1 2 4 8
106 -96  85 0  39 1 4 1 2 4 8
107  93 -29 0  42 1 4 1 2 4 8
108 -40 -84 0  77 1 4 1 2 4 8
109  86  35 0  68 1 4 1 2 4 8
110  91  36 0  50 1 4 1 2 4 8
111  62  -8 0  42 1 4 1 2 4 8
112 -24   4 0  71 1 4 1 2 4 8
113  11  96 0  85 1 4 1 2 4 8
114 -53  62 0  78 1 4 1 2 4 8
115 -28 -71 0  64 1 4 1 2 4 8
116   7  -4 0   5 1 4 1 2 4 8
117  95  -9 0  93 1 4 1 2 4 8
118  -3  17 0  18 1 4 1 2 4 8
119  53 -90 0  38 1 4 1 2 4 8
120  58 -19 0  29 1 4 1 2 4 8
121 -83  84 0  81 1 4 1 2 4 8
122  -1  49 0   4 1 4 1 2 4 8
123  -4  17 0  23 1 4 1 2 4 8
124 -82  -3 0  11 1 4 1 2 4 8
125 -43  47 0  86 1 4 1 2 4 8
126   6  -6 0   2 1 4 1 2 4 8
127  70  99 0  31 1 4 1 2 4 8
128  68 -29 0  54 1 4 1 2 4 8
129 -94 -30 0  87 1 4 1 2 4 8
130 -94 -20 0  17 1 4 1 2 4 8
131 -21  77 0  81 1 4 1 2 4 8
132  64  37 0  72 1 4 1 2 4 8
133 -70 -19 0  10 1 4 1 2 4 8
134  88  65 0  50 1 4 1 2 4 8
135   2  29 0  25 1 4 1 2 4 8
136  33  57 0  71 1 4 1 2 4 8
137 -70   6 0  85 1 4 1 2 4 8
138 -38 -56 0  51 1 4 1 2 4 8
139 -80 -95 0  29 1 4 1 2 4 8
140  -5 -39 0  55 1 4 1 2 4 8
141   8 -22 0  45 1 4 1 2 4 8
142 -61 -76 0 100 1 4 1 2 4 8
143  76 -22 0  38 1 4 1 2 4 8
144  49 -71 0  11 1 4 1 2 4 8
145 -30 -68 0  82 1 4 1 2 4 8
146   1  34 0  50 1 4 1 2 4 8
147  77  79 0  39 1 4 1 2 4 8
148 -58  64 0   6 1 4 1 2 4 8
149  82 -97 0  87 1 4 1 2 4 8
150 -80  55 0  83 1 4 1 2 4 8
151  81 -86 0  22 1 4 1 2 4 8
152  39 -49 0  24 1 4 1 2 4 8
153 -67  72 0  69 1 4 1 2 4 8
154 -25 -89 0  97 1 4 1 2 4 8
155 -44 -95 0  65 1 4 1 2 4 8
156  32 -68 0  97 1 4 1 2 4 8
157 -17  49 0  79 1 4 1 2 4 8
158  93  49 0  79 1 4 1 2 4 8
159  99  81 0  46 1 4 1 2 4 8
160  10 -49 0  52 1 4 1 2 4 8
161  63 -41 0  39 1 4 1 2 4 8
162  38  39 0  94 1 4 1 2 4 8
163 -28  39 0  97 1 4 1 2 4 8
164  -2 -47 0  18 1 4 1 2 4 8
165  38   8 0   3 1 4 1 2 4 8
166 -42  -6 0  23 1 4 1 2 4 8
167 -67  88 0  19 1 4 1 2 4 8
168  19  93 0  40 1 4 1 2 4 8
169  40  27 0  49 1 4 1 2 4 8
170 -61  56 0  96 1 4 1 2 4 8
171  43  33 0  58 1 4 1 2 4 8
172 -18 -39 0  15 1 4 1 2 4 8
173 -69  19 0  21 1 4 1 2 4 8
174  75 -18 0  56 1 4 1 2 4 8
175  31  85 0  67 1 4 1 2 4 8
176  25  58 0  10 1 4 1 2 4 8
177 -16  36 0  36 1 4 1 2 4 8
178  91  15 0  84 1 4 1 2 4 8
179  60 -39 0  59 1 4 1 2 4 8
180  49 -47 0  85 1 4 1 2 4 8
181  42  33 0  60 1 4 1 2 4 8
182  16 -81 0  33 1 4 1 2 4 8
183 -78  53 0  62 1 4 1 2 4 8
184  53 -80 0  70 1 4 1 2 4 8
185 -46 -26 0  79 1 4 1 2 4 8
186 -25 -54 0  98 1 4 1 2 4 8
187  69 -46 0  99 1 4 1 2 4 8
188   0 -78 0  18 1 4 1 2 4 8
189 -84  74 0  55 1 4 1 2 4 8
190 -16  16 0  75 1 4 1 2 4 8
191 -63 -14 0  94 1 4 1 2 4 8
192  51 -77 0  89 1 4 1 2 4 8
193 -39  61 0  13 1 4 1 2 4 8
194   5  97 0  19 1 4 1 2 4 8
195 -55  39 0  19 1 4 1 2 4 8
196  70 -14 0  90 1 4 1 2 4 8
197   0  95 0  35 1 4 1 2 4 8
198 -45   7 0  76 1 4 1 2 4 8
199  38 -24 0   3 1 4 1 2 4 8
200  50 -37 0  11 1 4 1 2 4 8
201  59  71 0  98 1 4 1 2 4 8
202 -73 -96 0  92 1 4 1 2 4 8
203 -29  72 0   1 1 4 1 2 4 8
204 -47  12 0   2 1 4 1 2 4 8
205 -88 -61 0  63 1 4 1 2 4 8
206 -88  36 0  57 1 4 1 2 4 8
207 -46  -3 0  50 1 4 1 2 4 8
208  26 -37 0  19 1 4 1 2 4 8
209 -39 -67 0  24 1 4 1 2 4 8
210  92  27 0  14 1 4 1 2 4 8
211 -80 -31 0  18 1 4 1 2 4 8
212  93 -50 0  77 1 4 1 2 4 8
213 -20  -5 0  28 1 4 1 2 4 8
214 -22  73 0  72 1 4 1 2 4 8
215  -4  -7 0  49 1 4 1 2 4 8
216  54 -48 0  58 1 4 1 2 4 8
217 -70  39 0  84 1 4 1 2 4 8
218  54 -82 0  58 1 4 1 2 4 8
219  29  41 0  41 1 4 1 2 4 8
220 -87  51 0  98 1 4 1 2 4 8
221 -96 -36 0  77 1 4 1 2 4 8
222  49   8 0  57 1 4 1 2 4 8
223  -5  54 0  39 1 4 1 2 4 8
224 -26  43 0  99 1 4 1 2 4 8
225 -11  60 0  83 1 4 1 2 4 8
226  40  61 0  54 1 4 1 2 4 8
227  82  35 0  86 1 4 1 2 4 8
228 -92  12 0   2 1 4 1 2 4 8
229 -93 -86 0  14 1 4 1 2 4 8
230 -66  63 0  42 1 4 1 2 4 8
231 -72 -87 0  14 1 4 1 2 4 8
232 -57 -84 0  55 1 4 1 2 4 8
233  23  52 0   2 1 4 1 2 4 8
234 -56 -62 0  18 1 4 1 2 4 8
235 -19  59 0  17 1 4 1 2 4 8
236  63 -14 0  22 1 4 1 2 4 8
237 -13  38 0  28 1 4 1 2 4 8
238 -19  87 0   3 1 4 1 2 4 8
239  44 -84 0  96 1 4 1 2 4 8
240  98 -17 0  53 1 4 1 2 4 8
241 -16  62 0  15 1 4 1 2 4 8
242   3  66 0  36 1 4 1 2 4 8
243  26  22 0  98 1 4 1 2 4 8
244 -38 -81 0  78 1 4 1 2 4 8
245  70 -80 0  92 1 4 1 2 4 8
246  17 -35 0  65 1 4 1 2 4 8
247  96 -83 0  64 1 4 1 2 4 8
248 -77  80 0  43 1 4 1 2 4 8
249 -14  44 0  50 1 4 1 2 4 8
250  75   0 0   0 0 0
251   0  75 0   0 0 0
252 -75   0 0   0 0 0
253   0 -75 0   0 0 0
