2 5 160 4
180 60
180 60
180 60
180 60
  1 -10 -10 0 12 1 4 1 2 4 8
  2 -10   0 0 12 1 4 1 2 4 8
  3 -10  10 0 12 1 4 1 2 4 8
  4   0 -10 0 12 1 4 1 2 4 8
  5   0  10 0 12 1 4 1 2 4 8
  6  10 -10 0 12 1 4 1 2 4 8
  7  10   0 0 12 1 4 1 2 4 8
  8  10  10 0 12 1 4 1 2 4 8
  9 -20 -20 0  8 1 4 1 2 4 8
 10 -20   0 0  8 1 4 1 2 4 8
 11 -20  20 0  8 1 4 1 2 4 8
 12   0 -20 0  8 1 4 1 2 4 8
 13   0  20 0  8 1 4 1 2 4 8
 14  20 -20 0  8 1 4 1 2 4 8
 15  20   0 0  8 1 4 1 2 4 8
 16  20  20 0  8 1 4 1 2 4 8
 17 -30 -30 0  4 1 4 1 2 4 8
 18 -30   0 0  4 1 4 1 2 4 8
 19 -30  30 0  4 1 4 1 2 4 8
 20   0 -30 0  4 1 4 1 2 4 8
 21   0  30 0  4 1 4 1 2 4 8
 22  30 -30 0  4 1 4 1 2 4 8
 23  30   0 0  4 1 4 1 2 4 8
 24  30  30 0  4 1 4 1 2 4 8
 25 -40 -40 0  2 1 4 1 2 4 8
 26 -40   0 0  2 1 4 1 2 4 8
 27 -40  40 0  2 1 4 1 2 4 8
 28   0 -40 0  2 1 4 1 2 4 8
 29   0  40 0  2 1 4 1 2 4 8
 30  40 -40 0  2 1 4 1 2 4 8
 31  40   0 0  2 1 4 1 2 4 8
 32  40  40 0  2 1 4 1 2 4 8
 33 -50 -50 0  1 1 4 1 2 4 8
 34 -50   0 0  1 1 4 1 2 4 8
 35 -50  50 0  1 1 4 1 2 4 8
 36   0 -50 0  1 1 4 1 2 4 8
 37   0  50 0  1 1 4 1 2 4 8
 38  50 -50 0  1 1 4 1 2 4 8
 39  50   0 0  1 1 4 1 2 4 8
 40  50  50 0  1 1 4 1 2 4 8
 41 100 -10 0 12 1 4 1 2 4 8
 42 100   0 0 12 1 4 1 2 4 8
 43 100  10 0 12 1 4 1 2 4 8
 44 110 -10 0 12 1 4 1 2 4 8
 45 110  10 0 12 1 4 1 2 4 8
 46 120 -10 0 12 1 4 1 2 4 8
 47 120   0 0 12 1 4 1 2 4 8
 48 120  10 0 12 1 4 1 2 4 8
 49  90 -20 0  8 1 4 1 2 4 8
 50  90   0 0  8 1 4 1 2 4 8
 51  90  20 0  8 1 4 1 2 4 8
 52 110 -20 0  8 1 4 1 2 4 8
 53 110  20 0  8 1 4 1 2 4 8
 54 130 -20 0  8 1 4 1 2 4 8
 55 130   0 0  8 1 4 1 2 4 8
 56 130  20 0  8 1 4 1 2 4 8
 57  80 -30 0  4 1 4 1 2 4 8
 58  80   0 0  4 1 4 1 2 4 8
 59  80  30 0  4 1 4 1 2 4 8
 60 110 -30 0  4 1 4 1 2 4 8
 61 110  30 0  4 1 4 1 2 4 8
 62 140 -30 0  4 1 4 1 2 4 8
 63 140   0 0  4 1 4 1 2 4 8
 64 140  30 0  4 1 4 1 2 4 8
 65  70 -40 0  2 1 4 1 2 4 8
 66  70   0 0  2 1 4 1 2 4 8
 67  70  40 0  2 1 4 1 2 4 8
 68 110 -40 0  2 1 4 1 2 4 8
 69 110  40 0  2 1 4 1 2 4 8
 70 150 -40 0  2 1 4 1 2 4 8
 71 150   0 0  2 1 4 1 2 4 8
 72 150  40 0  2 1 4 1 2 4 8
 73  60 -50 0  1 1 4 1 2 4 8
 74  60   0 0  1 1 4 1 2 4 8
 75  60  50 0  1 1 4 1 2 4 8
 76 110 -50 0  1 1 4 1 2 4 8
 77 110  50 0  1 1 4 1 2 4 8
 78 160 -50 0  1 1 4 1 2 4 8
 79 160   0 0  1 1 4 1 2 4 8
 80 160  50 0  1 1 4 1 2 4 8
 81 100 100 0 12 1 4 1 2 4 8
 82 100 110 0 12 1 4 1 2 4 8
 83 100 120 0 12 1 4 1 2 4 8
 84 110 100 0 12 1 4 1 2 4 8
 85 110 120 0 12 1 4 1 2 4 8
 86 120 100 0 12 1 4 1 2 4 8
 87 120 110 0 12 1 4 1 2 4 8
 88 120 120 0 12 1 4 1 2 4 8
 89  90  90 0  8 1 4 1 2 4 8
 90  90 110 0  8 1 4 1 2 4 8
 91  90 130 0  8 1 4 1 2 4 8
 92 110  90 0  8 1 4 1 2 4 8
 93 110 130 0  8 1 4 1 2 4 8
 94 130  90 0  8 1 4 1 2 4 8
 95 130 110 0  8 1 4 1 2 4 8
 96 130 130 0  8 1 4 1 2 4 8
 97  80  80 0  4 1 4 1 2 4 8
 98  80 110 0  4 1 4 1 2 4 8
 99  80 140 0  4 1 4 1 2 4 8
100 110  80 0  4 1 4 1 2 4 8
101 110 140 0  4 1 4 1 2 4 8
102 140  80 0  4 1 4 1 2 4 8
103 140 110 0  4 1 4 1 2 4 8
104 140 140 0  4 1 4 1 2 4 8
105  70  70 0  2 1 4 1 2 4 8
106  70 110 0  2 1 4 1 2 4 8
107  70 150 0  2 1 4 1 2 4 8
108 110  70 0  2 1 4 1 2 4 8
109 110 150 0  2 1 4 1 2 4 8
110 150  70 0  2 1 4 1 2 4 8
111 150 110 0  2 1 4 1 2 4 8
112 150 150 0  2 1 4 1 2 4 8
113  60  60 0  1 1 4 1 2 4 8
114  60 110 0  1 1 4 1 2 4 8
115  60 160 0  1 1 4 1 2 4 8
116 110  60 0  1 1 4 1 2 4 8
117 110 160 0  1 1 4 1 2 4 8
118 160  60 0  1 1 4 1 2 4 8
119 160 110 0  1 1 4 1 2 4 8
120 160 160 0  1 1 4 1 2 4 8
121 -10 100 0 12 1 4 1 2 4 8
122 -10 110 0 12 1 4 1 2 4 8
123 -10 120 0 12 1 4 1 2 4 8
124   0 100 0 12 1 4 1 2 4 8
125   0 120 0 12 1 4 1 2 4 8
126  10 100 0 12 1 4 1 2 4 8
127  10 110 0 12 1 4 1 2 4 8
128  10 120 0 12 1 4 1 2 4 8
129 -20  90 0  8 1 4 1 2 4 8
130 -20 110 0  8 1 4 1 2 4 8
131 -20 130 0  8 1 4 1 2 4 8
132   0  90 0  8 1 4 1 2 4 8
133   0 130 0  8 1 4 1 2 4 8
134  20  90 0  8 1 4 1 2 4 8
135  20 110 0  8 1 4 1 2 4 8
136  20 130 0  8 1 4 1 2 4 8
137 -30  80 0  4 1 4 1 2 4 8
138 -30 110 0  4 1 4 1 2 4 8
139 -30 140 0  4 1 4 1 2 4 8
140   0  80 0  4 1 4 1 2 4 8
141   0 140 0  4 1 4 1 2 4 8
142  30  80 0  4 1 4 1 2 4 8
143  30 110 0  4 1 4 1 2 4 8
144  30 140 0  4 1 4 1 2 4 8
145 -40  70 0  2 1 4 1 2 4 8
146 -40 110 0  2 1 4 1 2 4 8
147 -40 150 0  2 1 4 1 2 4 8
148   0  70 0  2 1 4 1 2 4 8
149   0 150 0  2 1 4 1 2 4 8
150  40  70 0  2 1 4 1 2 4 8
151  40 110 0  2 1 4 1 2 4 8
152  40 150 0  2 1 4 1 2 4 8
153 -50  60 0  1 1 4 1 2 4 8
154 -50 110 0  1 1 4 1 2 4 8
155 -50 160 0  1 1 4 1 2 4 8
156   0  60 0  1 1 4 1 2 4 8
157   0 160 0  1 1 4 1 2 4 8
158  50  60 0  1 1 4 1 2 4 8
159  50 110 0  1 1 4 1 2 4 8
160  50 160 0  1 1 4 1 2 4 8
161   0   0 0  0 0 0
162 110   0 0  0 0 0
163 110 110 0  0 0 0
164   0 110 0  0 0 0
