2 5 240 6
200 60
200 60
200 60
200 60
200 60
200 60
  1  -10 -10 0 12 1 6 1 2 4 8 16 32
  2  -10   0 0 12 1 6 1 2 4 8 16 32
  3  -10  10 0 12 1 6 1 2 4 8 16 32
  4    0 -10 0 12 1 6 1 2 4 8 16 32
  5    0  10 0 12 1 6 1 2 4 8 16 32
  6   10 -10 0 12 1 6 1 2 4 8 16 32
  7   10   0 0 12 1 6 1 2 4 8 16 32
  8   10  10 0 12 1 6 1 2 4 8 16 32
  9  -20 -20 0  8 1 6 1 2 4 8 16 32
 10  -20   0 0  8 1 6 1 2 4 8 16 32
 11  -20  20 0  8 1 6 1 2 4 8 16 32
 12    0 -20 0  8 1 6 1 2 4 8 16 32
 13    0  20 0  8 1 6 1 2 4 8 16 32
 14   20 -20 0  8 1 6 1 2 4 8 16 32
 15   20   0 0  8 1 6 1 2 4 8 16 32
 16   20  20 0  8 1 6 1 2 4 8 16 32
 17  -30 -30 0  4 1 6 1 2 4 8 16 32
 18  -30   0 0  4 1 6 1 2 4 8 16 32
 19  -30  30 0  4 1 6 1 2 4 8 16 32
 20    0 -30 0  4 1 6 1 2 4 8 16 32
 21    0  30 0  4 1 6 1 2 4 8 16 32
 22   30 -30 0  4 1 6 1 2 4 8 16 32
 23   30   0 0  4 1 6 1 2 4 8 16 32
 24   30  30 0  4 1 6 1 2 4 8 16 32
 25  -40 -40 0  2 1 6 1 2 4 8 16 32
 26  -40   0 0  2 1 6 1 2 4 8 16 32
 27  -40  40 0  2 1 6 1 2 4 8 16 32
 28    0 -40 0  2 1 6 1 2 4 8 16 32
 29    0  40 0  2 1 6 1 2 4 8 16 32
 30   40 -40 0  2 1 6 1 2 4 8 16 32
 31   40   0 0  2 1 6 1 2 4 8 16 32
 32   40  40 0  2 1 6 1 2 4 8 16 32
 33  -50 -50 0  1 1 6 1 2 4 8 16 32
 34  -50   0 0  1 1 6 1 2 4 8 16 32
 35  -50  50 0  1 1 6 1 2 4 8 16 32
 36    0 -50 0  1 1 6 1 2 4 8 16 32
 37    0  50 0  1 1 6 1 2 4 8 16 32
 38   50 -50 0  1 1 6 1 2 4 8 16 32
 39   50   0 0  1 1 6 1 2 4 8 16 32
 40   50  50 0  1 1 6 1 2 4 8 16 32
 41  100 -10 0 12 1 6 1 2 4 8 16 32
 42  100   0 0 12 1 6 1 2 4 8 16 32
 43  100  10 0 12 1 6 1 2 4 8 16 32
 44  110 -10 0 12 1 6 1 2 4 8 16 32
 45  110  10 0 12 1 6 1 2 4 8 16 32
 46  120 -10 0 12 1 6 1 2 4 8 16 32
 47  120   0 0 12 1 6 1 2 4 8 16 32
 48  120  10 0 12 1 6 1 2 4 8 16 32
 49   90 -20 0  8 1 6 1 2 4 8 16 32
 50   90   0 0  8 1 6 1 2 4 8 16 32
 51   90  20 0  8 1 6 1 2 4 8 16 32
 52  110 -20 0  8 1 6 1 2 4 8 16 32
 53  110  20 0  8 1 6 1 2 4 8 16 32
 54  130 -20 0  8 1 6 1 2 4 8 16 32
 55  130   0 0  8 1 6 1 2 4 8 16 32
 56  130  20 0  8 1 6 1 2 4 8 16 32
 57   80 -30 0  4 1 6 1 2 4 8 16 32
 58   80   0 0  4 1 6 1 2 4 8 16 32
 59   80  30 0  4 1 6 1 2 4 8 16 32
 60  110 -30 0  4 1 6 1 2 4 8 16 32
 61  110  30 0  4 1 6 1 2 4 8 16 32
 62  140 -30 0  4 1 6 1 2 4 8 16 32
 63  140   0 0  4 1 6 1 2 4 8 16 32
 64  140  30 0  4 1 6 1 2 4 8 16 32
 65   70 -40 0  2 1 6 1 2 4 8 16 32
 66   70   0 0  2 1 6 1 2 4 8 16 32
 67   70  40 0  2 1 6 1 2 4 8 16 32
 68  110 -40 0  2 1 6 1 2 4 8 16 32
 69  110  40 0  2 1 6 1 2 4 8 16 32
 70  150 -40 0  2 1 6 1 2 4 8 16 32
 71  150   0 0  2 1 6 1 2 4 8 16 32
 72  150  40 0  2 1 6 1 2 4 8 16 32
 73   60 -50 0  1 1 6 1 2 4 8 16 32
 74   60   0 0  1 1 6 1 2 4 8 16 32
 75   60  50 0  1 1 6 1 2 4 8 16 32
 76  110 -50 0  1 1 6 1 2 4 8 16 32
 77  110  50 0  1 1 6 1 2 4 8 16 32
 78  160 -50 0  1 1 6 1 2 4 8 16 32
 79  160   0 0  1 1 6 1 2 4 8 16 32
 80  160  50 0  1 1 6 1 2 4 8 16 32
 81  100 100 0 12 1 6 1 2 4 8 16 32
 82  100 110 0 12 1 6 1 2 4 8 16 32
 83  100 120 0 12 1 6 1 2 4 8 16 32
 84  110 100 0 12 1 6 1 2 4 8 16 32
 85  110 120 0 12 1 6 1 2 4 8 16 32
 86  120 100 0 12 1 6 1 2 4 8 16 32
 87  120 110 0 12 1 6 1 2 4 8 16 32
 88  120 120 0 12 1 6 1 2 4 8 16 32
 89   90  90 0  8 1 6 1 2 4 8 16 32
 90   90 110 0  8 1 6 1 2 4 8 16 32
 91   90 130 0  8 1 6 1 2 4 8 16 32
 92  110  90 0  8 1 6 1 2 4 8 16 32
 93  110 130 0  8 1 6 1 2 4 8 16 32
 94  130  90 0  8 1 6 1 2 4 8 16 32
 95  130 110 0  8 1 6 1 2 4 8 16 32
 96  130 130 0  8 1 6 1 2 4 8 16 32
 97   80  80 0  4 1 6 1 2 4 8 16 32
 98   80 110 0  4 1 6 1 2 4 8 16 32
 99   80 140 0  4 1 6 1 2 4 8 16 32
100  110  80 0  4 1 6 1 2 4 8 16 32
101  110 140 0  4 1 6 1 2 4 8 16 32
102  140  80 0  4 1 6 1 2 4 8 16 32
103  140 110 0  4 1 6 1 2 4 8 16 32
104  140 140 0  4 1 6 1 2 4 8 16 32
105   70  70 0  2 1 6 1 2 4 8 16 32
106   70 110 0  2 1 6 1 2 4 8 16 32
107   70 150 0  2 1 6 1 2 4 8 16 32
108  110  70 0  2 1 6 1 2 4 8 16 32
109  110 150 0  2 1 6 1 2 4 8 16 32
110  150  70 0  2 1 6 1 2 4 8 16 32
111  150 110 0  2 1 6 1 2 4 8 16 32
112  150 150 0  2 1 6 1 2 4 8 16 32
113   60  60 0  1 1 6 1 2 4 8 16 32
114   60 110 0  1 1 6 1 2 4 8 16 32
115   60 160 0  1 1 6 1 2 4 8 16 32
116  110  60 0  1 1 6 1 2 4 8 16 32
117  110 160 0  1 1 6 1 2 4 8 16 32
118  160  60 0  1 1 6 1 2 4 8 16 32
119  160 110 0  1 1 6 1 2 4 8 16 32
120  160 160 0  1 1 6 1 2 4 8 16 32
121  -10 100 0 12 1 6 1 2 4 8 16 32
122  -10 110 0 12 1 6 1 2 4 8 16 32
123  -10 120 0 12 1 6 1 2 4 8 16 32
124    0 100 0 12 1 6 1 2 4 8 16 32
125    0 120 0 12 1 6 1 2 4 8 16 32
126   10 100 0 12 1 6 1 2 4 8 16 32
127   10 110 0 12 1 6 1 2 4 8 16 32
128   10 120 0 12 1 6 1 2 4 8 16 32
129  -20  90 0  8 1 6 1 2 4 8 16 32
130  -20 110 0  8 1 6 1 2 4 8 16 32
131  -20 130 0  8 1 6 1 2 4 8 16 32
132    0  90 0  8 1 6 1 2 4 8 16 32
133    0 130 0  8 1 6 1 2 4 8 16 32
134   20  90 0  8 1 6 1 2 4 8 16 32
135   20 110 0  8 1 6 1 2 4 8 16 32
136   20 130 0  8 1 6 1 2 4 8 16 32
137  -30  80 0  4 1 6 1 2 4 8 16 32
138  -30 110 0  4 1 6 1 2 4 8 16 32
139  -30 140 0  4 1 6 1 2 4 8 16 32
140    0  80 0  4 1 6 1 2 4 8 16 32
141    0 140 0  4 1 6 1 2 4 8 16 32
142   30  80 0  4 1 6 1 2 4 8 16 32
143   30 110 0  4 1 6 1 2 4 8 16 32
144   30 140 0  4 1 6 1 2 4 8 16 32
145  -40  70 0  2 1 6 1 2 4 8 16 32
146  -40 110 0  2 1 6 1 2 4 8 16 32
147  -40 150 0  2 1 6 1 2 4 8 16 32
148    0  70 0  2 1 6 1 2 4 8 16 32
149    0 150 0  2 1 6 1 2 4 8 16 32
150   40  70 0  2 1 6 1 2 4 8 16 32
151   40 110 0  2 1 6 1 2 4 8 16 32
152   40 150 0  2 1 6 1 2 4 8 16 32
153  -50  60 0  1 1 6 1 2 4 8 16 32
154  -50 110 0  1 1 6 1 2 4 8 16 32
155  -50 160 0  1 1 6 1 2 4 8 16 32
156    0  60 0  1 1 6 1 2 4 8 16 32
157    0 160 0  1 1 6 1 2 4 8 16 32
158   50  60 0  1 1 6 1 2 4 8 16 32
159   50 110 0  1 1 6 1 2 4 8 16 32
160   50 160 0  1 1 6 1 2 4 8 16 32
161 -120 100 0 12 1 6 1 2 4 8 16 32
162 -120 110 0 12 1 6 1 2 4 8 16 32
163 -120 120 0 12 1 6 1 2 4 8 16 32
164 -110 100 0 12 1 6 1 2 4 8 16 32
165 -110 120 0 12 1 6 1 2 4 8 16 32
166 -100 100 0 12 1 6 1 2 4 8 16 32
167 -100 110 0 12 1 6 1 2 4 8 16 32
168 -100 120 0 12 1 6 1 2 4 8 16 32
169 -130  90 0  8 1 6 1 2 4 8 16 32
170 -130 110 0  8 1 6 1 2 4 8 16 32
171 -130 130 0  8 1 6 1 2 4 8 16 32
172 -110  90 0  8 1 6 1 2 4 8 16 32
173 -110 130 0  8 1 6 1 2 4 8 16 32
174  -90  90 0  8 1 6 1 2 4 8 16 32
175  -90 110 0  8 1 6 1 2 4 8 16 32
176  -90 130 0  8 1 6 1 2 4 8 16 32
177 -140  80 0  4 1 6 1 2 4 8 16 32
178 -140 110 0  4 1 6 1 2 4 8 16 32
179 -140 140 0  4 1 6 1 2 4 8 16 32
180 -110  80 0  4 1 6 1 2 4 8 16 32
181 -110 140 0  4 1 6 1 2 4 8 16 32
182  -80  80 0  4 1 6 1 2 4 8 16 32
183  -80 110 0  4 1 6 1 2 4 8 16 32
184  -80 140 0  4 1 6 1 2 4 8 16 32
185 -150  70 0  2 1 6 1 2 4 8 16 32
186 -150 110 0  2 1 6 1 2 4 8 16 32
187 -150 150 0  2 1 6 1 2 4 8 16 32
188 -110  70 0  2 1 6 1 2 4 8 16 32
189 -110 150 0  2 1 6 1 2 4 8 16 32
190  -70  70 0  2 1 6 1 2 4 8 16 32
191  -70 110 0  2 1 6 1 2 4 8 16 32
192  -70 150 0  2 1 6 1 2 4 8 16 32
193 -160  60 0  1 1 6 1 2 4 8 16 32
194 -160 110 0  1 1 6 1 2 4 8 16 32
195 -160 160 0  1 1 6 1 2 4 8 16 32
196 -110  60 0  1 1 6 1 2 4 8 16 32
197 -110 160 0  1 1 6 1 2 4 8 16 32
198  -60  60 0  1 1 6 1 2 4 8 16 32
199  -60 110 0  1 1 6 1 2 4 8 16 32
200  -60 160 0  1 1 6 1 2 4 8 16 32
201 -120 -10 0 12 1 6 1 2 4 8 16 32
202 -120   0 0 12 1 6 1 2 4 8 16 32
203 -120  10 0 12 1 6 1 2 4 8 16 32
204 -110 -10 0 12 1 6 1 2 4 8 16 32
205 -110  10 0 12 1 6 1 2 4 8 16 32
206 -100 -10 0 12 1 6 1 2 4 8 16 32
207 -100   0 0 12 1 6 1 2 4 8 16 32
208 -100  10 0 12 1 6 1 2 4 8 16 32
209 -130 -20 0  8 1 6 1 2 4 8 16 32
210 -130   0 0  8 1 6 1 2 4 8 16 32
211 -130  20 0  8 1 6 1 2 4 8 16 32
212 -110 -20 0  8 1 6 1 2 4 8 16 32
213 -110  20 0  8 1 6 1 2 4 8 16 32
214  -90 -20 0  8 1 6 1 2 4 8 16 32
215  -90   0 0  8 1 6 1 2 4 8 16 32
216  -90  20 0  8 1 6 1 2 4 8 16 32
217 -140 -30 0  4 1 6 1 2 4 8 16 32
218 -140   0 0  4 1 6 1 2 4 8 16 32
219 -140  30 0  4 1 6 1 2 4 8 16 32
220 -110 -30 0  4 1 6 1 2 4 8 16 32
221 -110  30 0  4 1 6 1 2 4 8 16 32
222  -80 -30 0  4 1 6 1 2 4 8 16 32
223  -80   0 0  4 1 6 1 2 4 8 16 32
224  -80  30 0  4 1 6 1 2 4 8 16 32
225 -150 -40 0  2 1 6 1 2 4 8 16 32
226 -150   0 0  2 1 6 1 2 4 8 16 32
227 -150  40 0  2 1 6 1 2 4 8 16 32
228 -110 -40 0  2 1 6 1 2 4 8 16 32
229 -110  40 0  2 1 6 1 2 4 8 16 32
230  -70 -40 0  2 1 6 1 2 4 8 16 32
231  -70   0 0  2 1 6 1 2 4 8 16 32
232  -70  40 0  2 1 6 1 2 4 8 16 32
233 -160 -50 0  1 1 6 1 2 4 8 16 32
234 -160   0 0  1 1 6 1 2 4 8 16 32
235 -160  50 0  1 1 6 1 2 4 8 16 32
236 -110 -50 0  1 1 6 1 2 4 8 16 32
237 -110  50 0  1 1 6 1 2 4 8 16 32
238  -60 -50 0  1 1 6 1 2 4 8 16 32
239  -60   0 0  1 1 6 1 2 4 8 16 32
240  -60  50 0  1 1 6 1 2 4 8 16 32
241    0   0 0  0 0 0
242  110   0 0  0 0 0
243  110 110 0  0 0 0
244    0 110 0  0 0 0
245 -110 110 0  0 0 0
246 -110   0 0  0 0 0
