2 5 360 9
200 60
200 60
200 60
200 60
200 60
200 60
200 60
200 60
200 60
  1  -10  -10 0 12 1 9 1 2 4 8 16 32 64 128 256
  2  -10    0 0 12 1 9 1 2 4 8 16 32 64 128 256
  3  -10   10 0 12 1 9 1 2 4 8 16 32 64 128 256
  4    0  -10 0 12 1 9 1 2 4 8 16 32 64 128 256
  5    0   10 0 12 1 9 1 2 4 8 16 32 64 128 256
  6   10  -10 0 12 1 9 1 2 4 8 16 32 64 128 256
  7   10    0 0 12 1 9 1 2 4 8 16 32 64 128 256
  8   10   10 0 12 1 9 1 2 4 8 16 32 64 128 256
  9  -20  -20 0  8 1 9 1 2 4 8 16 32 64 128 256
 10  -20    0 0  8 1 9 1 2 4 8 16 32 64 128 256
 11  -20   20 0  8 1 9 1 2 4 8 16 32 64 128 256
 12    0  -20 0  8 1 9 1 2 4 8 16 32 64 128 256
 13    0   20 0  8 1 9 1 2 4 8 16 32 64 128 256
 14   20  -20 0  8 1 9 1 2 4 8 16 32 64 128 256
 15   20    0 0  8 1 9 1 2 4 8 16 32 64 128 256
 16   20   20 0  8 1 9 1 2 4 8 16 32 64 128 256
 17  -30  -30 0  4 1 9 1 2 4 8 16 32 64 128 256
 18  -30    0 0  4 1 9 1 2 4 8 16 32 64 128 256
 19  -30   30 0  4 1 9 1 2 4 8 16 32 64 128 256
 20    0  -30 0  4 1 9 1 2 4 8 16 32 64 128 256
 21    0   30 0  4 1 9 1 2 4 8 16 32 64 128 256
 22   30  -30 0  4 1 9 1 2 4 8 16 32 64 128 256
 23   30    0 0  4 1 9 1 2 4 8 16 32 64 128 256
 24   30   30 0  4 1 9 1 2 4 8 16 32 64 128 256
 25  -40  -40 0  2 1 9 1 2 4 8 16 32 64 128 256
 26  -40    0 0  2 1 9 1 2 4 8 16 32 64 128 256
 27  -40   40 0  2 1 9 1 2 4 8 16 32 64 128 256
 28    0  -40 0  2 1 9 1 2 4 8 16 32 64 128 256
 29    0   40 0  2 1 9 1 2 4 8 16 32 64 128 256
 30   40  -40 0  2 1 9 1 2 4 8 16 32 64 128 256
 31   40    0 0  2 1 9 1 2 4 8 16 32 64 128 256
 32   40   40 0  2 1 9 1 2 4 8 16 32 64 128 256
 33  -50  -50 0  1 1 9 1 2 4 8 16 32 64 128 256
 34  -50    0 0  1 1 9 1 2 4 8 16 32 64 128 256
 35  -50   50 0  1 1 9 1 2 4 8 16 32 64 128 256
 36    0  -50 0  1 1 9 1 2 4 8 16 32 64 128 256
 37    0   50 0  1 1 9 1 2 4 8 16 32 64 128 256
 38   50  -50 0  1 1 9 1 2 4 8 16 32 64 128 256
 39   50    0 0  1 1 9 1 2 4 8 16 32 64 128 256
 40   50   50 0  1 1 9 1 2 4 8 16 32 64 128 256
 41  100  -10 0 12 1 9 1 2 4 8 16 32 64 128 256
 42  100    0 0 12 1 9 1 2 4 8 16 32 64 128 256
 43  100   10 0 12 1 9 1 2 4 8 16 32 64 128 256
 44  110  -10 0 12 1 9 1 2 4 8 16 32 64 128 256
 45  110   10 0 12 1 9 1 2 4 8 16 32 64 128 256
 46  120  -10 0 12 1 9 1 2 4 8 16 32 64 128 256
 47  120    0 0 12 1 9 1 2 4 8 16 32 64 128 256
 48  120   10 0 12 1 9 1 2 4 8 16 32 64 128 256
 49   90  -20 0  8 1 9 1 2 4 8 16 32 64 128 256
 50   90    0 0  8 1 9 1 2 4 8 16 32 64 128 256
 51   90   20 0  8 1 9 1 2 4 8 16 32 64 128 256
 52  110  -20 0  8 1 9 1 2 4 8 16 32 64 128 256
 53  110   20 0  8 1 9 1 2 4 8 16 32 64 128 256
 54  130  -20 0  8 1 9 1 2 4 8 16 32 64 128 256
 55  130    0 0  8 1 9 1 2 4 8 16 32 64 128 256
 56  130   20 0  8 1 9 1 2 4 8 16 32 64 128 256
 57   80  -30 0  4 1 9 1 2 4 8 16 32 64 128 256
 58   80    0 0  4 1 9 1 2 4 8 16 32 64 128 256
 59   80   30 0  4 1 9 1 2 4 8 16 32 64 128 256
 60  110  -30 0  4 1 9 1 2 4 8 16 32 64 128 256
 61  110   30 0  4 1 9 1 2 4 8 16 32 64 128 256
 62  140  -30 0  4 1 9 1 2 4 8 16 32 64 128 256
 63  140    0 0  4 1 9 1 2 4 8 16 32 64 128 256
 64  140   30 0  4 1 9 1 2 4 8 16 32 64 128 256
 65   70  -40 0  2 1 9 1 2 4 8 16 32 64 128 256
 66   70    0 0  2 1 9 1 2 4 8 16 32 64 128 256
 67   70   40 0  2 1 9 1 2 4 8 16 32 64 128 256
 68  110  -40 0  2 1 9 1 2 4 8 16 32 64 128 256
 69  110   40 0  2 1 9 1 2 4 8 16 32 64 128 256
 70  150  -40 0  2 1 9 1 2 4 8 16 32 64 128 256
 71  150    0 0  2 1 9 1 2 4 8 16 32 64 128 256
 72  150   40 0  2 1 9 1 2 4 8 16 32 64 128 256
 73   60  -50 0  1 1 9 1 2 4 8 16 32 64 128 256
 74   60    0 0  1 1 9 1 2 4 8 16 32 64 128 256
 75   60   50 0  1 1 9 1 2 4 8 16 32 64 128 256
 76  110  -50 0  1 1 9 1 2 4 8 16 32 64 128 256
 77  110   50 0  1 1 9 1 2 4 8 16 32 64 128 256
 78  160  -50 0  1 1 9 1 2 4 8 16 32 64 128 256
 79  160    0 0  1 1 9 1 2 4 8 16 32 64 128 256
 80  160   50 0  1 1 9 1 2 4 8 16 32 64 128 256
 81  100  100 0 12 1 9 1 2 4 8 16 32 64 128 256
 82  100  110 0 12 1 9 1 2 4 8 16 32 64 128 256
 83  100  120 0 12 1 9 1 2 4 8 16 32 64 128 256
 84  110  100 0 12 1 9 1 2 4 8 16 32 64 128 256
 85  110  120 0 12 1 9 1 2 4 8 16 32 64 128 256
 86  120  100 0 12 1 9 1 2 4 8 16 32 64 128 256
 87  120  110 0 12 1 9 1 2 4 8 16 32 64 128 256
 88  120  120 0 12 1 9 1 2 4 8 16 32 64 128 256
 89   90   90 0  8 1 9 1 2 4 8 16 32 64 128 256
 90   90  110 0  8 1 9 1 2 4 8 16 32 64 128 256
 91   90  130 0  8 1 9 1 2 4 8 16 32 64 128 256
 92  110   90 0  8 1 9 1 2 4 8 16 32 64 128 256
 93  110  130 0  8 1 9 1 2 4 8 16 32 64 128 256
 94  130   90 0  8 1 9 1 2 4 8 16 32 64 128 256
 95  130  110 0  8 1 9 1 2 4 8 16 32 64 128 256
 96  130  130 0  8 1 9 1 2 4 8 16 32 64 128 256
 97   80   80 0  4 1 9 1 2 4 8 16 32 64 128 256
 98   80  110 0  4 1 9 1 2 4 8 16 32 64 128 256
 99   80  140 0  4 1 9 1 2 4 8 16 32 64 128 256
100  110   80 0  4 1 9 1 2 4 8 16 32 64 128 256
101  110  140 0  4 1 9 1 2 4 8 16 32 64 128 256
102  140   80 0  4 1 9 1 2 4 8 16 32 64 128 256
103  140  110 0  4 1 9 1 2 4 8 16 32 64 128 256
104  140  140 0  4 1 9 1 2 4 8 16 32 64 128 256
105   70   70 0  2 1 9 1 2 4 8 16 32 64 128 256
106   70  110 0  2 1 9 1 2 4 8 16 32 64 128 256
107   70  150 0  2 1 9 1 2 4 8 16 32 64 128 256
108  110   70 0  2 1 9 1 2 4 8 16 32 64 128 256
109  110  150 0  2 1 9 1 2 4 8 16 32 64 128 256
110  150   70 0  2 1 9 1 2 4 8 16 32 64 128 256
111  150  110 0  2 1 9 1 2 4 8 16 32 64 128 256
112  150  150 0  2 1 9 1 2 4 8 16 32 64 128 256
113   60   60 0  1 1 9 1 2 4 8 16 32 64 128 256
114   60  110 0  1 1 9 1 2 4 8 16 32 64 128 256
115   60  160 0  1 1 9 1 2 4 8 16 32 64 128 256
116  110   60 0  1 1 9 1 2 4 8 16 32 64 128 256
117  110  160 0  1 1 9 1 2 4 8 16 32 64 128 256
118  160   60 0  1 1 9 1 2 4 8 16 32 64 128 256
119  160  110 0  1 1 9 1 2 4 8 16 32 64 128 256
120  160  160 0  1 1 9 1 2 4 8 16 32 64 128 256
121  -10  100 0 12 1 9 1 2 4 8 16 32 64 128 256
122  -10  110 0 12 1 9 1 2 4 8 16 32 64 128 256
123  -10  120 0 12 1 9 1 2 4 8 16 32 64 128 256
124    0  100 0 12 1 9 1 2 4 8 16 32 64 128 256
125    0  120 0 12 1 9 1 2 4 8 16 32 64 128 256
126   10  100 0 12 1 9 1 2 4 8 16 32 64 128 256
127   10  110 0 12 1 9 1 2 4 8 16 32 64 128 256
128   10  120 0 12 1 9 1 2 4 8 16 32 64 128 256
129  -20   90 0  8 1 9 1 2 4 8 16 32 64 128 256
130  -20  110 0  8 1 9 1 2 4 8 16 32 64 128 256
131  -20  130 0  8 1 9 1 2 4 8 16 32 64 128 256
132    0   90 0  8 1 9 1 2 4 8 16 32 64 128 256
133    0  130 0  8 1 9 1 2 4 8 16 32 64 128 256
134   20   90 0  8 1 9 1 2 4 8 16 32 64 128 256
135   20  110 0  8 1 9 1 2 4 8 16 32 64 128 256
136   20  130 0  8 1 9 1 2 4 8 16 32 64 128 256
137  -30   80 0  4 1 9 1 2 4 8 16 32 64 128 256
138  -30  110 0  4 1 9 1 2 4 8 16 32 64 128 256
139  -30  140 0  4 1 9 1 2 4 8 16 32 64 128 256
140    0   80 0  4 1 9 1 2 4 8 16 32 64 128 256
141    0  140 0  4 1 9 1 2 4 8 16 32 64 128 256
142   30   80 0  4 1 9 1 2 4 8 16 32 64 128 256
143   30  110 0  4 1 9 1 2 4 8 16 32 64 128 256
144   30  140 0  4 1 9 1 2 4 8 16 32 64 128 256
145  -40   70 0  2 1 9 1 2 4 8 16 32 64 128 256
146  -40  110 0  2 1 9 1 2 4 8 16 32 64 128 256
147  -40  150 0  2 1 9 1 2 4 8 16 32 64 128 256
148    0   70 0  2 1 9 1 2 4 8 16 32 64 128 256
149    0  150 0  2 1 9 1 2 4 8 16 32 64 128 256
150   40   70 0  2 1 9 1 2 4 8 16 32 64 128 256
151   40  110 0  2 1 9 1 2 4 8 16 32 64 128 256
152   40  150 0  2 1 9 1 2 4 8 16 32 64 128 256
153  -50   60 0  1 1 9 1 2 4 8 16 32 64 128 256
154  -50  110 0  1 1 9 1 2 4 8 16 32 64 128 256
155  -50  160 0  1 1 9 1 2 4 8 16 32 64 128 256
156    0   60 0  1 1 9 1 2 4 8 16 32 64 128 256
157    0  160 0  1 1 9 1 2 4 8 16 32 64 128 256
158   50   60 0  1 1 9 1 2 4 8 16 32 64 128 256
159   50  110 0  1 1 9 1 2 4 8 16 32 64 128 256
160   50  160 0  1 1 9 1 2 4 8 16 32 64 128 256
161 -120  100 0 12 1 9 1 2 4 8 16 32 64 128 256
162 -120  110 0 12 1 9 1 2 4 8 16 32 64 128 256
163 -120  120 0 12 1 9 1 2 4 8 16 32 64 128 256
164 -110  100 0 12 1 9 1 2 4 8 16 32 64 128 256
165 -110  120 0 12 1 9 1 2 4 8 16 32 64 128 256
166 -100  100 0 12 1 9 1 2 4 8 16 32 64 128 256
167 -100  110 0 12 1 9 1 2 4 8 16 32 64 128 256
168 -100  120 0 12 1 9 1 2 4 8 16 32 64 128 256
169 -130   90 0  8 1 9 1 2 4 8 16 32 64 128 256
170 -130  110 0  8 1 9 1 2 4 8 16 32 64 128 256
171 -130  130 0  8 1 9 1 2 4 8 16 32 64 128 256
172 -110   90 0  8 1 9 1 2 4 8 16 32 64 128 256
173 -110  130 0  8 1 9 1 2 4 8 16 32 64 128 256
174  -90   90 0  8 1 9 1 2 4 8 16 32 64 128 256
175  -90  110 0  8 1 9 1 2 4 8 16 32 64 128 256
176  -90  130 0  8 1 9 1 2 4 8 16 32 64 128 256
177 -140   80 0  4 1 9 1 2 4 8 16 32 64 128 256
178 -140  110 0  4 1 9 1 2 4 8 16 32 64 128 256
179 -140  140 0  4 1 9 1 2 4 8 16 32 64 128 256
180 -110   80 0  4 1 9 1 2 4 8 16 32 64 128 256
181 -110  140 0  4 1 9 1 2 4 8 16 32 64 128 256
182  -80   80 0  4 1 9 1 2 4 8 16 32 64 128 256
183  -80  110 0  4 1 9 1 2 4 8 16 32 64 128 256
184  -80  140 0  4 1 9 1 2 4 8 16 32 64 128 256
185 -150   70 0  2 1 9 1 2 4 8 16 32 64 128 256
186 -150  110 0  2 1 9 1 2 4 8 16 32 64 128 256
187 -150  150 0  2 1 9 1 2 4 8 16 32 64 128 256
188 -110   70 0  2 1 9 1 2 4 8 16 32 64 128 256
189 -110  150 0  2 1 9 1 2 4 8 16 32 64 128 256
190  -70   70 0  2 1 9 1 2 4 8 16 32 64 128 256
191  -70  110 0  2 1 9 1 2 4 8 16 32 64 128 256
192  -70  150 0  2 1 9 1 2 4 8 16 32 64 128 256
193 -160   60 0  1 1 9 1 2 4 8 16 32 64 128 256
194 -160  110 0  1 1 9 1 2 4 8 16 32 64 128 256
195 -160  160 0  1 1 9 1 2 4 8 16 32 64 128 256
196 -110   60 0  1 1 9 1 2 4 8 16 32 64 128 256
197 -110  160 0  1 1 9 1 2 4 8 16 32 64 128 256
198  -60   60 0  1 1 9 1 2 4 8 16 32 64 128 256
199  -60  110 0  1 1 9 1 2 4 8 16 32 64 128 256
200  -60  160 0  1 1 9 1 2 4 8 16 32 64 128 256
201 -120  -10 0 12 1 9 1 2 4 8 16 32 64 128 256
202 -120    0 0 12 1 9 1 2 4 8 16 32 64 128 256
203 -120   10 0 12 1 9 1 2 4 8 16 32 64 128 256
204 -110  -10 0 12 1 9 1 2 4 8 16 32 64 128 256
205 -110   10 0 12 1 9 1 2 4 8 16 32 64 128 256
206 -100  -10 0 12 1 9 1 2 4 8 16 32 64 128 256
207 -100    0 0 12 1 9 1 2 4 8 16 32 64 128 256
208 -100   10 0 12 1 9 1 2 4 8 16 32 64 128 256
209 -130  -20 0  8 1 9 1 2 4 8 16 32 64 128 256
210 -130    0 0  8 1 9 1 2 4 8 16 32 64 128 256
211 -130   20 0  8 1 9 1 2 4 8 16 32 64 128 256
212 -110  -20 0  8 1 9 1 2 4 8 16 32 64 128 256
213 -110   20 0  8 1 9 1 2 4 8 16 32 64 128 256
214  -90  -20 0  8 1 9 1 2 4 8 16 32 64 128 256
215  -90    0 0  8 1 9 1 2 4 8 16 32 64 128 256
216  -90   20 0  8 1 9 1 2 4 8 16 32 64 128 256
217 -140  -30 0  4 1 9 1 2 4 8 16 32 64 128 256
218 -140    0 0  4 1 9 1 2 4 8 16 32 64 128 256
219 -140   30 0  4 1 9 1 2 4 8 16 32 64 128 256
220 -110  -30 0  4 1 9 1 2 4 8 16 32 64 128 256
221 -110   30 0  4 1 9 1 2 4 8 16 32 64 128 256
222  -80  -30 0  4 1 9 1 2 4 8 16 32 64 128 256
223  -80    0 0  4 1 9 1 2 4 8 16 32 64 128 256
224  -80   30 0  4 1 9 1 2 4 8 16 32 64 128 256
225 -150  -40 0  2 1 9 1 2 4 8 16 32 64 128 256
226 -150    0 0  2 1 9 1 2 4 8 16 32 64 128 256
227 -150   40 0  2 1 9 1 2 4 8 16 32 64 128 256
228 -110  -40 0  2 1 9 1 2 4 8 16 32 64 128 256
229 -110   40 0  2 1 9 1 2 4 8 16 32 64 128 256
230  -70  -40 0  2 1 9 1 2 4 8 16 32 64 128 256
231  -70    0 0  2 1 9 1 2 4 8 16 32 64 128 256
232  -70   40 0  2 1 9 1 2 4 8 16 32 64 128 256
233 -160  -50 0  1 1 9 1 2 4 8 16 32 64 128 256
234 -160    0 0  1 1 9 1 2 4 8 16 32 64 128 256
235 -160   50 0  1 1 9 1 2 4 8 16 32 64 128 256
236 -110  -50 0  1 1 9 1 2 4 8 16 32 64 128 256
237 -110   50 0  1 1 9 1 2 4 8 16 32 64 128 256
238  -60  -50 0  1 1 9 1 2 4 8 16 32 64 128 256
239  -60    0 0  1 1 9 1 2 4 8 16 32 64 128 256
240  -60   50 0  1 1 9 1 2 4 8 16 32 64 128 256
241 -120 -120 0 12 1 9 1 2 4 8 16 32 64 128 256
242 -120 -110 0 12 1 9 1 2 4 8 16 32 64 128 256
243 -120 -100 0 12 1 9 1 2 4 8 16 32 64 128 256
244 -110 -120 0 12 1 9 1 2 4 8 16 32 64 128 256
245 -110 -100 0 12 1 9 1 2 4 8 16 32 64 128 256
246 -100 -120 0 12 1 9 1 2 4 8 16 32 64 128 256
247 -100 -110 0 12 1 9 1 2 4 8 16 32 64 128 256
248 -100 -100 0 12 1 9 1 2 4 8 16 32 64 128 256
249 -130 -130 0  8 1 9 1 2 4 8 16 32 64 128 256
250 -130 -110 0  8 1 9 1 2 4 8 16 32 64 128 256
251 -130  -90 0  8 1 9 1 2 4 8 16 32 64 128 256
252 -110 -130 0  8 1 9 1 2 4 8 16 32 64 128 256
253 -110  -90 0  8 1 9 1 2 4 8 16 32 64 128 256
254  -90 -130 0  8 1 9 1 2 4 8 16 32 64 128 256
255  -90 -110 0  8 1 9 1 2 4 8 16 32 64 128 256
256  -90  -90 0  8 1 9 1 2 4 8 16 32 64 128 256
257 -140 -140 0  4 1 9 1 2 4 8 16 32 64 128 256
258 -140 -110 0  4 1 9 1 2 4 8 16 32 64 128 256
259 -140  -80 0  4 1 9 1 2 4 8 16 32 64 128 256
260 -110 -140 0  4 1 9 1 2 4 8 16 32 64 128 256
261 -110  -80 0  4 1 9 1 2 4 8 16 32 64 128 256
262  -80 -140 0  4 1 9 1 2 4 8 16 32 64 128 256
263  -80 -110 0  4 1 9 1 2 4 8 16 32 64 128 256
264  -80  -80 0  4 1 9 1 2 4 8 16 32 64 128 256
265 -150 -150 0  2 1 9 1 2 4 8 16 32 64 128 256
266 -150 -110 0  2 1 9 1 2 4 8 16 32 64 128 256
267 -150  -70 0  2 1 9 1 2 4 8 16 32 64 128 256
268 -110 -150 0  2 1 9 1 2 4 8 16 32 64 128 256
269 -110  -70 0  2 1 9 1 2 4 8 16 32 64 128 256
270  -70 -150 0  2 1 9 1 2 4 8 16 32 64 128 256
271  -70 -110 0  2 1 9 1 2 4 8 16 32 64 128 256
272  -70  -70 0  2 1 9 1 2 4 8 16 32 64 128 256
273 -160 -160 0  1 1 9 1 2 4 8 16 32 64 128 256
274 -160 -110 0  1 1 9 1 2 4 8 16 32 64 128 256
275 -160  -60 0  1 1 9 1 2 4 8 16 32 64 128 256
276 -110 -160 0  1 1 9 1 2 4 8 16 32 64 128 256
277 -110  -60 0  1 1 9 1 2 4 8 16 32 64 128 256
278  -60 -160 0  1 1 9 1 2 4 8 16 32 64 128 256
279  -60 -110 0  1 1 9 1 2 4 8 16 32 64 128 256
280  -60  -60 0  1 1 9 1 2 4 8 16 32 64 128 256
281  -10 -120 0 12 1 9 1 2 4 8 16 32 64 128 256
282  -10 -110 0 12 1 9 1 2 4 8 16 32 64 128 256
283  -10 -100 0 12 1 9 1 2 4 8 16 32 64 128 256
284    0 -120 0 12 1 9 1 2 4 8 16 32 64 128 256
285    0 -100 0 12 1 9 1 2 4 8 16 32 64 128 256
286   10 -120 0 12 1 9 1 2 4 8 16 32 64 128 256
287   10 -110 0 12 1 9 1 2 4 8 16 32 64 128 256
288   10 -100 0 12 1 9 1 2 4 8 16 32 64 128 256
289  -20 -130 0  8 1 9 1 2 4 8 16 32 64 128 256
290  -20 -110 0  8 1 9 1 2 4 8 16 32 64 128 256
291  -20  -90 0  8 1 9 1 2 4 8 16 32 64 128 256
292    0 -130 0  8 1 9 1 2 4 8 16 32 64 128 256
293    0  -90 0  8 1 9 1 2 4 8 16 32 64 128 256
294   20 -130 0  8 1 9 1 2 4 8 16 32 64 128 256
295   20 -110 0  8 1 9 1 2 4 8 16 32 64 128 256
296   20  -90 0  8 1 9 1 2 4 8 16 32 64 128 256
297  -30 -140 0  4 1 9 1 2 4 8 16 32 64 128 256
298  -30 -110 0  4 1 9 1 2 4 8 16 32 64 128 256
299  -30  -80 0  4 1 9 1 2 4 8 16 32 64 128 256
300    0 -140 0  4 1 9 1 2 4 8 16 32 64 128 256
301    0  -80 0  4 1 9 1 2 4 8 16 32 64 128 256
302   30 -140 0  4 1 9 1 2 4 8 16 32 64 128 256
303   30 -110 0  4 1 9 1 2 4 8 16 32 64 128 256
304   30  -80 0  4 1 9 1 2 4 8 16 32 64 128 256
305  -40 -150 0  2 1 9 1 2 4 8 16 32 64 128 256
306  -40 -110 0  2 1 9 1 2 4 8 16 32 64 128 256
307  -40  -70 0  2 1 9 1 2 4 8 16 32 64 128 256
308    0 -150 0  2 1 9 1 2 4 8 16 32 64 128 256
309    0  -70 0  2 1 9 1 2 4 8 16 32 64 128 256
310   40 -150 0  2 1 9 1 2 4 8 16 32 64 128 256
311   40 -110 0  2 1 9 1 2 4 8 16 32 64 128 256
312   40  -70 0  2 1 9 1 2 4 8 16 32 64 128 256
313  -50 -160 0  1 1 9 1 2 4 8 16 32 64 128 256
314  -50 -110 0  1 1 9 1 2 4 8 16 32 64 128 256
315  -50  -60 0  1 1 9 1 2 4 8 16 32 64 128 256
316    0 -160 0  1 1 9 1 2 4 8 16 32 64 128 256
317    0  -60 0  1 1 9 1 2 4 8 16 32 64 128 256
318   50 -160 0  1 1 9 1 2 4 8 16 32 64 128 256
319   50 -110 0  1 1 9 1 2 4 8 16 32 64 128 256
320   50  -60 0  1 1 9 1 2 4 8 16 32 64 128 256
321  100 -120 0 12 1 9 1 2 4 8 16 32 64 128 256
322  100 -110 0 12 1 9 1 2 4 8 16 32 64 128 256
323  100 -100 0 12 1 9 1 2 4 8 16 32 64 128 256
324  110 -120 0 12 1 9 1 2 4 8 16 32 64 128 256
325  110 -100 0 12 1 9 1 2 4 8 16 32 64 128 256
326  120 -120 0 12 1 9 1 2 4 8 16 32 64 128 256
327  120 -110 0 12 1 9 1 2 4 8 16 32 64 128 256
328  120 -100 0 12 1 9 1 2 4 8 16 32 64 128 256
329   90 -130 0  8 1 9 1 2 4 8 16 32 64 128 256
330   90 -110 0  8 1 9 1 2 4 8 16 32 64 128 256
331   90  -90 0  8 1 9 1 2 4 8 16 32 64 128 256
332  110 -130 0  8 1 9 1 2 4 8 16 32 64 128 256
333  110  -90 0  8 1 9 1 2 4 8 16 32 64 128 256
334  130 -130 0  8 1 9 1 2 4 8 16 32 64 128 256
335  130 -110 0  8 1 9 1 2 4 8 16 32 64 128 256
336  130  -90 0  8 1 9 1 2 4 8 16 32 64 128 256
337   80 -140 0  4 1 9 1 2 4 8 16 32 64 128 256
338   80 -110 0  4 1 9 1 2 4 8 16 32 64 128 256
339   80  -80 0  4 1 9 1 2 4 8 16 32 64 128 256
340  110 -140 0  4 1 9 1 2 4 8 16 32 64 128 256
341  110  -80 0  4 1 9 1 2 4 8 16 32 64 128 256
342  140 -140 0  4 1 9 1 2 4 8 16 32 64 128 256
343  140 -110 0  4 1 9 1 2 4 8 16 32 64 128 256
344  140  -80 0  4 1 9 1 2 4 8 16 32 64 128 256
345   70 -150 0  2 1 9 1 2 4 8 16 32 64 128 256
346   70 -110 0  2 1 9 1 2 4 8 16 32 64 128 256
347   70  -70 0  2 1 9 1 2 4 8 16 32 64 128 256
348  110 -150 0  2 1 9 1 2 4 8 16 32 64 128 256
349  110  -70 0  2 1 9 1 2 4 8 16 32 64 128 256
350  150 -150 0  2 1 9 1 2 4 8 16 32 64 128 256
351  150 -110 0  2 1 9 1 2 4 8 16 32 64 128 256
352  150  -70 0  2 1 9 1 2 4 8 16 32 64 128 256
353   60 -160 0  1 1 9 1 2 4 8 16 32 64 128 256
354   60 -110 0  1 1 9 1 2 4 8 16 32 64 128 256
355   60  -60 0  1 1 9 1 2 4 8 16 32 64 128 256
356  110 -160 0  1 1 9 1 2 4 8 16 32 64 128 256
357  110  -60 0  1 1 9 1 2 4 8 16 32 64 128 256
358  160 -160 0  1 1 9 1 2 4 8 16 32 64 128 256
359  160 -110 0  1 1 9 1 2 4 8 16 32 64 128 256
360  160  -60 0  1 1 9 1 2 4 8 16 32 64 128 256
361    0    0 0  0 0 0
362  110    0 0  0 0 0
363  110  110 0  0 0 0
364    0  110 0  0 0 0
365 -110  110 0  0 0 0
366 -110    0 0  0 0 0
367 -110 -110 0  0 0 0
368    0 -110 0  0 0 0
369  110 -110 0  0 0 0
