2 5 240 4
420 180
420 180
420 180
420 180
  1  65.991 -49.829 20 10 1 4 1 2 4 8
  2 -36.938 -36.743 20 25 1 4 1 2 4 8
  3  -2.734  18.774 13 18 1 4 1 2 4 8
  4  31.116 -35.907 13 16 1 4 1 2 4 8
  5   2.789   8.008 17 14 1 4 1 2 4 8
  6  31.152  43.665 24  7 1 4 1 2 4 8
  7 -36.304 -21.307 15  9 1 4 1 2 4 8
  8  52.814  35.046 12 16 1 4 1 2 4 8
  9  11.267  20.660 20 24 1 4 1 2 4 8
 10  -0.623  23.114 20  6 1 4 1 2 4 8
 11  43.091 -12.360  3 22 1 4 1 2 4 8
 12   6.854  19.073  8 11 1 4 1 2 4 8
 13  -6.848  25.317 16 19 1 4 1 2 4 8
 14 -27.930 -23.712 20 20 1 4 1 2 4 8
 15  33.240 -30.487 21 20 1 4 1 2 4 8
 16  63.885 -52.881 23 16 1 4 1 2 4 8
 17 -13.672 -43.945 21  5 1 4 1 2 4 8
 18  -0.647 -27.502  3 21 1 4 1 2 4 8
 19  59.406 -49.261 19 19 1 4 1 2 4 8
 20  27.167  -5.713 20 18 1 4 1 2 4 8
 21  70.001 -20.844  7 22 1 4 1 2 4 8
 22  35.327 -65.167 14 19 1 4 1 2 4 8
 23 -14.386 -42.236 24 15 1 4 1 2 4 8
 24  19.366  30.273  3 24 1 4 1 2 4 8
 25 -39.789  10.101 13 20 1 4 1 2 4 8
 26 -15.753 -40.204  1 17 1 4 1 2 4 8
 27 -28.418 -40.503  5 20 1 4 1 2 4 8
 28  27.081   9.735  2 12 1 4 1 2 4 8
 29  22.205  -9.216  9 23 1 4 1 2 4 8
 30  -0.830  -6.525 18 15 1 4 1 2 4 8
 31  10.217  75.531  5 19 1 4 1 2 4 8
 32   7.446  18.500 12 23 1 4 1 2 4 8
 33  48.914 -20.294 11  9 1 4 1 2 4 8
 34 -18.958 -29.675 17 21 1 4 1 2 4 8
 35  16.815  -6.659 21 17 1 4 1 2 4 8
 36   2.509 -30.420  5  6 1 4 1 2 4 8
 37  15.424   4.913  5 10 1 4 1 2 4 8
 38  60.315  89.801  7  9 1 4 1 2 4 8
 39  40.405 -45.367 24 19 1 4 1 2 4 8
 40 -26.837 -54.272  1 17 1 4 1 2 4 8
 41  69.171  72.577 12 22 1 4 1 2 4 8
 42 -22.815  46.173  6  8 1 4 1 2 4 8
 43 -14.258 -30.249  5 25 1 4 1 2 4 8
 44  76.050  12.073 19 13 1 4 1 2 4 8
 45  63.043  60.022 23  1 1 4 1 2 4 8
 46 -20.239 -81.970  8 15 1 4 1 2 4 8
 47 -41.168 -42.023  1 16 1 4 1 2 4 8
 48  79.199 -29.016 20 20 1 4 1 2 4 8
 49 -20.728  -7.068 16 14 1 4 1 2 4 8
 50  -4.163 -53.497  8  2 1 4 1 2 4 8
 51  39.594 -40.460 16  5 1 4 1 2 4 8
 52 -47.125 -77.850 25 16 1 4 1 2 4 8
 53  -1.233  49.182  5 12 1 4 1 2 4 8
 54  -0.372 -27.264 10  1 1 4 1 2 4 8
 55  31.537  -8.722 24 15 1 4 1 2 4 8
 56  -0.134 -20.264 16  5 1 4 1 2 4 8
 57  66.394 -26.691  7  9 1 4 1 2 4 8
 58   6.104 -64.093 14  8 1 4 1 2 4 8
 59  13.544 -20.874 11  2 1 4 1 2 4 8
 60  54.211  -6.537 15 10 1 4 1 2 4 8
 61  22.046 -34.137 23 25 1 4 1 2 4 8
 62  -9.723   4.706  5 24 1 4 1 2 4 8
 63 -11.584 -46.857 16  7 1 4 1 2 4 8
 64  -2.905  -0.305 13 14 1 4 1 2 4 8
 65  13.837 -44.452 18  3 1 4 1 2 4 8
 66  17.480  27.747 14 23 1 4 1 2 4 8
 67   2.972 -43.689  3 21 1 4 1 2 4 8
 68 -44.354 -38.202 22 13 1 4 1 2 4 8
 69 -59.399   1.514 16 15 1 4 1 2 4 8
 70 -13.452 -75.531 16 14 1 4 1 2 4 8
 71  -5.518 -51.947  2  7 1 4 1 2 4 8
 72  -9.589 -26.880 19 20 1 4 1 2 4 8
 73  19.318  29.498 23  6 1 4 1 2 4 8
 74  26.245  36.743  6 24 1 4 1 2 4 8
 75  43.707 -28.033 11 17 1 4 1 2 4 8
 76 -52.026 -35.339 19  3 1 4 1 2 4 8
 77  -8.435  -0.116  3 15 1 4 1 2 4 8
 78  89.111  62.122 14  6 1 4 1 2 4 8
 79   6.067 -16.132 14 21 1 4 1 2 4 8
 80  27.094  -5.103 19 25 1 4 1 2 4 8
 81  27.527 -15.344  3 18 1 4 1 2 4 8
 82  42.511  32.056 18  1 1 4 1 2 4 8
 83  25.311  12.689 24 19 1 4 1 2 4 8
 84  47.778 -12.769  6 17 1 4 1 2 4 8
 85  -3.143 -13.837  1 20 1 4 1 2 4 8
 86  12.482 -78.101  3  1 1 4 1 2 4 8
 87 -21.039  -3.430 15 13 1 4 1 2 4 8
 88  -3.149 -55.432 18 25 1 4 1 2 4 8
 89  53.009  84.900  5 16 1 4 1 2 4 8
 90  35.638 -47.552 23  5 1 4 1 2 4 8
 91  43.427 -18.439 10 18 1 4 1 2 4 8
 92   6.598 -54.578 20 17 1 4 1 2 4 8
 93  87.952  94.012 11 15 1 4 1 2 4 8
 94  39.105 -48.743 16 13 1 4 1 2 4 8
 95 -48.340 -26.477 15 15 1 4 1 2 4 8
 96  72.003  -9.253 19  2 1 4 1 2 4 8
 97 -37.732   3.351  4  1 1 4 1 2 4 8
 98 -65.967 -36.749 14  9 1 4 1 2 4 8
 99 -16.669 -35.284 23 16 1 4 1 2 4 8
100  10.742  -4.669 11  6 1 4 1 2 4 8
101  15.594  -5.817 21 18 1 4 1 2 4 8
102  21.606 -18.109 14 24 1 4 1 2 4 8
103   9.784  49.280 16 24 1 4 1 2 4 8
104  94.147  -4.492 25  9 1 4 1 2 4 8
105  10.382 -16.302 17 19 1 4 1 2 4 8
106  -1.453  -0.861 16 12 1 4 1 2 4 8
107  -6.219  25.305 13 22 1 4 1 2 4 8
108  -6.250  10.217 23 13 1 4 1 2 4 8
109 -17.444 -70.795 10 20 1 4 1 2 4 8
110 -55.090 -43.854  2 25 1 4 1 2 4 8
111  -9.442  23.724 15  1 1 4 1 2 4 8
112   8.978  35.406 14 24 1 4 1 2 4 8
113 -16.754  -0.812 22 10 1 4 1 2 4 8
114  66.852 -37.842 15 22 1 4 1 2 4 8
115  14.716 -23.724 16 14 1 4 1 2 4 8
116  33.472  20.026 12 12 1 4 1 2 4 8
117  66.394 -70.111 14 23 1 4 1 2 4 8
118  -5.664   8.881 15 14 1 4 1 2 4 8
119  -5.103 -46.729 11 23 1 4 1 2 4 8
120  -8.826  55.743 11 25 1 4 1 2 4 8
121   5.847  -3.186  4  5 1 4 1 2 4 8
122 -25.726 -37.695 23  7 1 4 1 2 4 8
123 -15.363 -24.548 13 25 1 4 1 2 4 8
124  43.793 -11.102 22 11 1 4 1 2 4 8
125  17.664 -25.604 17 18 1 4 1 2 4 8
126 -39.624  54.883  2 18 1 4 1 2 4 8
127 -24.554 -43.225  5  1 1 4 1 2 4 8
128 -26.892 -12.738 14  7 1 4 1 2 4 8
129  34.155 -38.458  1 22 1 4 1 2 4 8
130 -47.314 -29.468 13  7 1 4 1 2 4 8
131  49.365 -25.592  8  3 1 4 1 2 4 8
132   3.705 -16.449 24 18 1 4 1 2 4 8
133  22.430 -23.273 12  8 1 4 1 2 4 8
134 -37.549 -29.608 23  6 1 4 1 2 4 8
135  25.549   3.674  1  7 1 4 1 2 4 8
136 -15.216   3.284  2 20 1 4 1 2 4 8
137 -12.939  -7.495  8 10 1 4 1 2 4 8
138 -22.107  26.434 18  2 1 4 1 2 4 8
139 -17.944   7.733 14  3 1 4 1 2 4 8
140 -21.234  14.490 23 10 1 4 1 2 4 8
141   3.503 -19.708 14  5 1 4 1 2 4 8
142  32.599 -14.935  4 25 1 4 1 2 4 8
143  -5.737 -28.296 24 23 1 4 1 2 4 8
144  -6.128 -39.624  9 21 1 4 1 2 4 8
145  -2.460  12.817 15 13 1 4 1 2 4 8
146  -6.470   8.466 10  1 1 4 1 2 4 8
147 -37.891 -36.115  3 11 1 4 1 2 4 8
148  10.852 -18.750 12  6 1 4 1 2 4 8
149  50.104   8.636  6  9 1 4 1 2 4 8
150  46.844   4.712  1 17 1 4 1 2 4 8
151  19.598 -10.406 24 13 1 4 1 2 4 8
152 -38.947  52.942  3 23 1 4 1 2 4 8
153  -0.641 -21.289  4 19 1 4 1 2 4 8
154  40.906 -33.765  7 11 1 4 1 2 4 8
155  -0.574 -62.299 21 12 1 4 1 2 4 8
156  -9.778  26.794  1 18 1 4 1 2 4 8
157  34.265 -23.895 24 25 1 4 1 2 4 8
158  29.572 -24.561  5 13 1 4 1 2 4 8
159  16.376 -58.887 23 24 1 4 1 2 4 8
160  61.877 -15.167  5  5 1 4 1 2 4 8
161  40.088  -9.625 17 14 1 4 1 2 4 8
162   0.122  -4.645 24 18 1 4 1 2 4 8
163  -8.929 -43.903 23 25 1 4 1 2 4 8
164  -7.135 -57.434  3 11 1 4 1 2 4 8
165   7.550 -21.210  5 18 1 4 1 2 4 8
166   3.949   7.300 22 23 1 4 1 2 4 8
167 -15.118  92.023  9 22 1 4 1 2 4 8
168  84.821 -24.518 23 20 1 4 1 2 4 8
169 -52.325  30.682 15 11 1 4 1 2 4 8
170   7.538  13.818 15 11 1 4 1 2 4 8
171 -21.484  30.359 11 19 1 4 1 2 4 8
172  36.047  29.883 20 13 1 4 1 2 4 8
173  12.781 -40.942 10 24 1 4 1 2 4 8
174 -17.291 -10.254 24  6 1 4 1 2 4 8
175 -10.541  12.402 10  5 1 4 1 2 4 8
176 -15.845 -59.460  6 24 1 4 1 2 4 8
177  29.266  -2.222 22  7 1 4 1 2 4 8
178 -12.598 -58.929 25 13 1 4 1 2 4 8
179 -17.303 -35.297 11 25 1 4 1 2 4 8
180  57.050 -50.354  6 15 1 4 1 2 4 8
181  26.941  17.444  9 15 1 4 1 2 4 8
182  -6.195  -8.881  6 16 1 4 1 2 4 8
183  16.980 -16.321 12  5 1 4 1 2 4 8
184  83.710 -32.520  4 15 1 4 1 2 4 8
185  12.451  34.589 24 24 1 4 1 2 4 8
186  15.057  67.004 18 15 1 4 1 2 4 8
187  25.818  -5.835  3  9 1 4 1 2 4 8
188  13.666 -14.832 18 19 1 4 1 2 4 8
189  48.322  -5.164 17 15 1 4 1 2 4 8
190  13.489  19.739 23  2 1 4 1 2 4 8
191 -18.512  65.405 10  3 1 4 1 2 4 8
192  17.554  38.379 22 18 1 4 1 2 4 8
193  37.775 -16.003  5 20 1 4 1 2 4 8
194  47.968 -30.310 16 14 1 4 1 2 4 8
195  38.806  36.243 10 10 1 4 1 2 4 8
196 -16.089 -42.841 10  6 1 4 1 2 4 8
197  28.656  -1.990  9 17 1 4 1 2 4 8
198  -5.859  -1.862  5 20 1 4 1 2 4 8
199  60.516  63.416  9  3 1 4 1 2 4 8
200  63.196 -47.766 12 14 1 4 1 2 4 8
201 -15.308 -23.285 16 12 1 4 1 2 4 8
202  -2.875   0.787  8  2 1 4 1 2 4 8
203  32.056 -10.175  1 11 1 4 1 2 4 8
204 -18.634 -25.665  1 16 1 4 1 2 4 8
205  -3.632  25.433 18 18 1 4 1 2 4 8
206  10.480  22.888 22 14 1 4 1 2 4 8
207   1.819  -3.009 20  6 1 4 1 2 4 8
208 -25.275 -12.183  4 12 1 4 1 2 4 8
209  56.927 -75.507 15 21 1 4 1 2 4 8
210  13.885 -36.230  7  1 1 4 1 2 4 8
211  32.520 -29.523 25 18 1 4 1 2 4 8
212   4.803  -7.288  3 17 1 4 1 2 4 8
213  11.365  -8.344 22 15 1 4 1 2 4 8
214  17.126 -24.646  5  4 1 4 1 2 4 8
215 -33.661 -41.241  1 18 1 4 1 2 4 8
216 -32.391 -50.885  9 22 1 4 1 2 4 8
217  23.041 -14.496 16 16 1 4 1 2 4 8
218 -21.857 -39.502 23 14 1 4 1 2 4 8
219  32.013  77.332  5 25 1 4 1 2 4 8
220  13.831 -76.190  5 15 1 4 1 2 4 8
221  -8.051 -21.179  6  6 1 4 1 2 4 8
222  25.391  46.613 16  7 1 4 1 2 4 8
223  49.536 -54.639 25 21 1 4 1 2 4 8
224  63.416  -8.636  1  3 1 4 1 2 4 8
225   2.301  -5.536 25 15 1 4 1 2 4 8
226  52.423  29.895 17 24 1 4 1 2 4 8
227   9.296 -16.254 11  2 1 4 1 2 4 8
228  34.845 -96.185 24 17 1 4 1 2 4 8
229 -21.063 -41.498 10  2 1 4 1 2 4 8
230  28.448  10.242 12 25 1 4 1 2 4 8
231  16.254 -22.583 17 15 1 4 1 2 4 8
232 -36.639 -34.033 18  3 1 4 1 2 4 8
233 -27.356 -50.177  5  1 1 4 1 2 4 8
234 -53.705  11.334 16  1 1 4 1 2 4 8
235  26.276  -5.994  9 20 1 4 1 2 4 8
236 -31.519  34.589  6 19 1 4 1 2 4 8
237 -14.612 -31.506  1  2 1 4 1 2 4 8
238  -4.242 -30.865  4  9 1 4 1 2 4 8
239 -18.524 -29.486 20  4 1 4 1 2 4 8
240 -17.133 -19.397 19 16 1 4 1 2 4 8
241  34.430 -17.151  0  0 0 0
242   0.269  -8.154  0  0 0 0
243   3.140  13.297  0  0 0 0
244  -3.113 -29.745  0  0 0 0
