2 2 144 6
475 190
475 190
475 190
475 190
475 190
475 190
  1 -40.289 -42.303  6 20 1 6 1 2 4 8 16 32
  2 -64.709 -17.389  3 10 1 6 1 2 4 8 16 32
  3   5.060 -14.349 23  8 1 6 1 2 4 8 16 32
  4  72.095  20.233  1  6 1 6 1 2 4 8 16 32
  5   2.594 -15.002 18  1 1 6 1 2 4 8 16 32
  6 -24.176 -72.894  8 19 1 6 1 2 4 8 16 32
  7 -13.190  66.498  2 13 1 6 1 2 4 8 16 32
  8  33.191  13.690  9 24 1 6 1 2 4 8 16 32
  9  66.827 -30.554  1 15 1 6 1 2 4 8 16 32
 10  19.934  35.883 20 13 1 6 1 2 4 8 16 32
 11 -27.771  32.269 23 10 1 6 1 2 4 8 16 32
 12  51.154 -16.827 22  4 1 6 1 2 4 8 16 32
 13 -19.214  23.749 24 12 1 6 1 2 4 8 16 32
 14 -46.643 -52.954 21 21 1 6 1 2 4 8 16 32
 15 -10.590 -16.626 18  2 1 6 1 2 4 8 16 32
 16  35.150  12.622 21 10 1 6 1 2 4 8 16 32
 17 -37.378  12.256  7 20 1 6 1 2 4 8 16 32
 18  82.794  25.836  4  9 1 6 1 2 4 8 16 32
 19   8.936  -3.723 21 24 1 6 1 2 4 8 16 32
 20 -56.659  25.555 13 19 1 6 1 2 4 8 16 32
 21 -52.020 -40.137 18 13 1 6 1 2 4 8 16 32
 22  39.270  12.787  4 14 1 6 1 2 4 8 16 32
 23  19.757  21.228  3 17 1 6 1 2 4 8 16 32
 24 -23.071 -12.659 12 25 1 6 1 2 4 8 16 32
 25  15.686  52.374  5  1 1 6 1 2 4 8 16 32
 26  58.771  -7.056  8  9 1 6 1 2 4 8 16 32
 27 -33.087  72.266 14 12 1 6 1 2 4 8 16 32
 28   2.551  46.851 10 22 1 6 1 2 4 8 16 32
 29 -18.719  73.126 14  2 1 6 1 2 4 8 16 32
 30 -67.627 -20.679 19 21 1 6 1 2 4 8 16 32
 31 -76.862 -11.365 20  8 1 6 1 2 4 8 16 32
 32 -24.194 -38.263 21 19 1 6 1 2 4 8 16 32
 33 -20.374 -31.903 11 24 1 6 1 2 4 8 16 32
 34   9.290  39.618 14 24 1 6 1 2 4 8 16 32
 35  26.044  35.974  6  2 1 6 1 2 4 8 16 32
 36 -57.385 -45.264  7 20 1 6 1 2 4 8 16 32
 37   1.489 -62.592  3 20 1 6 1 2 4 8 16 32
 38  34.937  13.672 22  5 1 6 1 2 4 8 16 32
 39 -22.290  45.648 21 17 1 6 1 2 4 8 16 32
 40  -5.920  44.061 12  4 1 6 1 2 4 8 16 32
 41 -38.446 -23.541  1 21 1 6 1 2 4 8 16 32
 42  28.894  33.936 11  3 1 6 1 2 4 8 16 32
 43 -35.388  -5.341 12 16 1 6 1 2 4 8 16 32
 44 -19.501  13.519 19 14 1 6 1 2 4 8 16 32
 45  -9.216 -30.988  8  6 1 6 1 2 4 8 16 32
 46 -22.131 -17.065 11  5 1 6 1 2 4 8 16 32
 47 -22.827  36.810 18 12 1 6 1 2 4 8 16 32
 48 -61.365 -18.463  6 23 1 6 1 2 4 8 16 32
 49  50.128 -66.046  3 12 1 6 1 2 4 8 16 32
 50  25.647  24.139  6 18 1 6 1 2 4 8 16 32
 51  65.521  42.810 10 24 1 6 1 2 4 8 16 32
 52 -60.956 -47.925  7  3 1 6 1 2 4 8 16 32
 53  -9.070  42.798 17  3 1 6 1 2 4 8 16 32
 54 -19.061   4.480 12 25 1 6 1 2 4 8 16 32
 55 -54.071  -3.870 11 22 1 6 1 2 4 8 16 32
 56 -25.598 -18.866 15 25 1 6 1 2 4 8 16 32
 57 -18.707  84.296  6 15 1 6 1 2 4 8 16 32
 58 -70.184 -39.166 13 18 1 6 1 2 4 8 16 32
 59 -14.636  -0.446  3  8 1 6 1 2 4 8 16 32
 60 -76.465 -38.922 23 20 1 6 1 2 4 8 16 32
 61  44.092  12.433 24 18 1 6 1 2 4 8 16 32
 62 -22.772 -50.867 22  5 1 6 1 2 4 8 16 32
 63  19.104  44.672 11 25 1 6 1 2 4 8 16 32
 64 -44.019 -39.935 24 16 1 6 1 2 4 8 16 32
 65  -2.972  -4.059  8 14 1 6 1 2 4 8 16 32
 66 -24.261  35.907 22  1 1 6 1 2 4 8 16 32
 67 -61.877 -73.901 11 15 1 6 1 2 4 8 16 32
 68  -5.640 -26.721  6 22 1 6 1 2 4 8 16 32
 69  45.844 -36.835 10  6 1 6 1 2 4 8 16 32
 70 -51.746 -79.840 10 24 1 6 1 2 4 8 16 32
 71 -33.008  10.992 20 19 1 6 1 2 4 8 16 32
 72 -25.653  -0.372  2 12 1 6 1 2 4 8 16 32
 73 -21.497  61.487 18 13 1 6 1 2 4 8 16 32
 74   2.032  26.727  8 10 1 6 1 2 4 8 16 32
 75 -26.758  14.807 13 12 1 6 1 2 4 8 16 32
 76 -37.256 -44.861  8 13 1 6 1 2 4 8 16 32
 77  -0.861 -16.418  8 25 1 6 1 2 4 8 16 32
 78 -51.160  34.967 18 12 1 6 1 2 4 8 16 32
 79 -41.266 -76.886 17  2 1 6 1 2 4 8 16 32
 80 -30.255  74.701 10 11 1 6 1 2 4 8 16 32
 81 -46.368  -1.514 23 10 1 6 1 2 4 8 16 32
 82 -71.619  73.077  3  9 1 6 1 2 4 8 16 32
 83 -46.606 -39.948 25 21 1 6 1 2 4 8 16 32
 84 -30.243  67.102  4 14 1 6 1 2 4 8 16 32
 85 -40.997 -43.036 25 15 1 6 1 2 4 8 16 32
 86 -74.286 -52.307  5  6 1 6 1 2 4 8 16 32
 87 -17.609 -71.851  9 25 1 6 1 2 4 8 16 32
 88   2.350 -81.805 18 14 1 6 1 2 4 8 16 32
 89 -85.486 -54.059 16 17 1 6 1 2 4 8 16 32
 90  23.822  10.571 16  8 1 6 1 2 4 8 16 32
 91 -24.530 -31.726 22  4 1 6 1 2 4 8 16 32
 92 -42.474 -15.009  2 17 1 6 1 2 4 8 16 32
 93 -33.624  50.330 22 23 1 6 1 2 4 8 16 32
 94 -81.458 -41.565 11  4 1 6 1 2 4 8 16 32
 95 -73.505 -48.279 24  4 1 6 1 2 4 8 16 32
 96  -3.052  70.898 17  9 1 6 1 2 4 8 16 32
 97   0.946  25.458 12  9 1 6 1 2 4 8 16 32
 98 -54.144  13.525  1 19 1 6 1 2 4 8 16 32
 99 -30.634   7.526 23 12 1 6 1 2 4 8 16 32
100 -68.335 -34.277  4 25 1 6 1 2 4 8 16 32
101   7.178  57.935 15  8 1 6 1 2 4 8 16 32
102   4.712  48.669 15 13 1 6 1 2 4 8 16 32
103  58.087  26.379 12  3 1 6 1 2 4 8 16 32
104  18.347  34.784 21  6 1 6 1 2 4 8 16 32
105 -44.629 -61.975 21 11 1 6 1 2 4 8 16 32
106   5.231  26.068 15 24 1 6 1 2 4 8 16 32
107 -48.065 -36.755 21 16 1 6 1 2 4 8 16 32
108  -3.589 -27.734 19 21 1 6 1 2 4 8 16 32
109   9.808  36.896 11 25 1 6 1 2 4 8 16 32
110  59.460   1.233  3 10 1 6 1 2 4 8 16 32
111 -47.522  19.873 12  2 1 6 1 2 4 8 16 32
112 -48.431 -50.317  4 13 1 6 1 2 4 8 16 32
113  44.666  20.953  2 14 1 6 1 2 4 8 16 32
114 -19.226  32.770  9 19 1 6 1 2 4 8 16 32
115 -15.662  17.462 21 16 1 6 1 2 4 8 16 32
116 -91.669  77.722 17 23 1 6 1 2 4 8 16 32
117 -30.035 -78.284 22 13 1 6 1 2 4 8 16 32
118  73.663  32.941 24 24 1 6 1 2 4 8 16 32
119  22.400 -60.083  2 17 1 6 1 2 4 8 16 32
120  61.206 -13.501 25  8 1 6 1 2 4 8 16 32
121  22.131 -50.012 21 12 1 6 1 2 4 8 16 32
122  -6.317  56.665 11  6 1 6 1 2 4 8 16 32
123 -20.471  12.885 23 20 1 6 1 2 4 8 16 32
124 -61.084 -44.769  4 20 1 6 1 2 4 8 16 32
125  -9.576 -19.366  1 24 1 6 1 2 4 8 16 32
126   5.627 -88.501 15 10 1 6 1 2 4 8 16 32
127  -2.618  22.131 20 18 1 6 1 2 4 8 16 32
128  40.497  32.343  8 10 1 6 1 2 4 8 16 32
129  -3.296  36.774  4 15 1 6 1 2 4 8 16 32
130 -50.995  19.781 12 12 1 6 1 2 4 8 16 32
131 -70.520  -3.809 23 22 1 6 1 2 4 8 16 32
132   4.205   0.812 25 11 1 6 1 2 4 8 16 32
133   9.955  26.337  5 14 1 6 1 2 4 8 16 32
134  13.538 -21.313 15  9 1 6 1 2 4 8 16 32
135 -21.869 -18.768  2  6 1 6 1 2 4 8 16 32
136 -37.158 -30.768 22 23 1 6 1 2 4 8 16 32
137 -86.975  10.345 16  8 1 6 1 2 4 8 16 32
138 -47.272 -46.326 23 22 1 6 1 2 4 8 16 32
139   4.095 -19.354 13  7 1 6 1 2 4 8 16 32
140   4.205  30.292  7 15 1 6 1 2 4 8 16 32
141 -42.017  53.986 20 22 1 6 1 2 4 8 16 32
142  35.095 -10.895 25  7 1 6 1 2 4 8 16 32
143  61.188 -59.875 12 14 1 6 1 2 4 8 16 32
144 -34.674  -1.337  9 21 1 6 1 2 4 8 16 32
145  -3.799  44.290  0  0 0 0
146  14.233  21.173  0  0 0 0
147 -23.334 -28.397  0  0 0 0
148  10.065   1.822  0  0 0 0
149 -49.115 -43.549  0  0 0 0
150 -21.054   4.144  0  0 0 0
