2 4 288 6
425 170
425 170
425 170
425 170
425 170
425 170
  1  12.805   1.886 15 10 1 6 1 2 4 8 16 32
  2  18.213   1.373  7 21 1 6 1 2 4 8 16 32
  3  57.947 -48.779 10  8 1 6 1 2 4 8 16 32
  4 -52.429 -84.088 20 23 1 6 1 2 4 8 16 32
  5  60.797 -32.593 11 10 1 6 1 2 4 8 16 32
  6  23.151   4.205  7  9 1 6 1 2 4 8 16 32
  7  25.385  22.986 14 21 1 6 1 2 4 8 16 32
  8  25.513 -52.985 15 16 1 6 1 2 4 8 16 32
  9 -49.261 -41.718  8 21 1 6 1 2 4 8 16 32
 10 -37.561 -41.730  5  3 1 6 1 2 4 8 16 32
 11 -14.520  48.962 17 24 1 6 1 2 4 8 16 32
 12  41.229 -24.500  1  2 1 6 1 2 4 8 16 32
 13 -21.863   0.916  3  4 1 6 1 2 4 8 16 32
 14 -48.181 -16.284  8 18 1 6 1 2 4 8 16 32
 15  -7.776  44.348 14  5 1 6 1 2 4 8 16 32
 16  20.801  10.760  3 13 1 6 1 2 4 8 16 32
 17 -29.712 -46.326  6 13 1 6 1 2 4 8 16 32
 18 -20.203 -59.564 23 14 1 6 1 2 4 8 16 32
 19 -87.079 -52.899 14 10 1 6 1 2 4 8 16 32
 20   3.046  -6.305  1  3 1 6 1 2 4 8 16 32
 21  11.865   5.261  2  1 1 6 1 2 4 8 16 32
 22 -24.072 -55.927 17 11 1 6 1 2 4 8 16 32
 23 -22.803   5.658 15 16 1 6 1 2 4 8 16 32
 24 -51.904   9.412 18  6 1 6 1 2 4 8 16 32
 25  12.732 -40.967 15 18 1 6 1 2 4 8 16 32
 26 -30.988   7.654  7 11 1 6 1 2 4 8 16 32
 27  37.512   0.458  4 15 1 6 1 2 4 8 16 32
 28   2.954  -8.563 24 17 1 6 1 2 4 8 16 32
 29   0.549   3.644 18 17 1 6 1 2 4 8 16 32
 30 -52.484   9.711  2  1 1 6 1 2 4 8 16 32
 31  33.936 -48.718  4  1 1 6 1 2 4 8 16 32
 32 -13.129 -53.601 11 18 1 6 1 2 4 8 16 32
 33 -99.591  23.303 25  3 1 6 1 2 4 8 16 32
 34   6.439  -3.516 15 21 1 6 1 2 4 8 16 32
 35 -14.032 -19.818 18 22 1 6 1 2 4 8 16 32
 36 -24.677  16.608  9 14 1 6 1 2 4 8 16 32
 37 -10.260 -81.769 23  4 1 6 1 2 4 8 16 32
 38  35.858   5.597 22 17 1 6 1 2 4 8 16 32
 39 -11.603  42.908  9 16 1 6 1 2 4 8 16 32
 40 -34.662 -15.466 20  8 1 6 1 2 4 8 16 32
 41  66.852   1.135 13 14 1 6 1 2 4 8 16 32
 42   6.866  -1.416  3 23 1 6 1 2 4 8 16 32
 43   1.660  -2.234  6  1 1 6 1 2 4 8 16 32
 44  37.561  11.450 18 21 1 6 1 2 4 8 16 32
 45  51.672 -26.343  9 10 1 6 1 2 4 8 16 32
 46  19.025 -10.889 24 19 1 6 1 2 4 8 16 32
 47 -37.982  -6.360 19  6 1 6 1 2 4 8 16 32
 48 -56.537 -42.334 11  4 1 6 1 2 4 8 16 32
 49   1.099 -14.624 14 18 1 6 1 2 4 8 16 32
 50 -56.238  -3.076 15 23 1 6 1 2 4 8 16 32
 51 -23.669 -15.289  5 25 1 6 1 2 4 8 16 32
 52 -34.277  -1.410 18 17 1 6 1 2 4 8 16 32
 53 -64.178  63.812 22 11 1 6 1 2 4 8 16 32
 54 -47.083 -20.386 13 20 1 6 1 2 4 8 16 32
 55 -33.710   8.380 11  9 1 6 1 2 4 8 16 32
 56  34.290  26.031 11 23 1 6 1 2 4 8 16 32
 57 -38.861  42.114  1 14 1 6 1 2 4 8 16 32
 58 -92.731  44.885 25  7 1 6 1 2 4 8 16 32
 59  23.633  27.643 19 15 1 6 1 2 4 8 16 32
 60 -67.139 -67.078 13 22 1 6 1 2 4 8 16 32
 61  25.726 -25.836  7  4 1 6 1 2 4 8 16 32
 62 -40.985 -16.895  2 14 1 6 1 2 4 8 16 32
 63  77.008  -6.097 16 24 1 6 1 2 4 8 16 32
 64 -54.810  -1.935  2 13 1 6 1 2 4 8 16 32
 65 -53.943 -29.663  1  9 1 6 1 2 4 8 16 32
 66  16.089 -27.887 19  3 1 6 1 2 4 8 16 32
 67 -59.436  36.487 24 23 1 6 1 2 4 8 16 32
 68  34.473  25.391 19  2 1 6 1 2 4 8 16 32
 69  -9.283  -6.689 24 23 1 6 1 2 4 8 16 32
 70 -85.559 -20.477 10  8 1 6 1 2 4 8 16 32
 71  29.523  18.347 19 23 1 6 1 2 4 8 16 32
 72  27.814   6.512  1 13 1 6 1 2 4 8 16 32
 73  42.151 -25.580 19 25 1 6 1 2 4 8 16 32
 74  82.202  85.828 25 25 1 6 1 2 4 8 16 32
 75 -47.766 -35.590 24 20 1 6 1 2 4 8 16 32
 76  22.015 -20.349 11  9 1 6 1 2 4 8 16 32
 77 -55.756 -33.490  7 15 1 6 1 2 4 8 16 32
 78  62.006  -1.453 25  4 1 6 1 2 4 8 16 32
 79  25.549  -3.796  3  1 1 6 1 2 4 8 16 32
 80 -43.372  -7.379  3  7 1 6 1 2 4 8 16 32
 81  60.297  52.637 18 12 1 6 1 2 4 8 16 32
 82 -96.155  34.100 18  5 1 6 1 2 4 8 16 32
 83 -32.806  -3.845  9  8 1 6 1 2 4 8 16 32
 84 -47.827 -45.203 21  1 1 6 1 2 4 8 16 32
 85 -31.128 -93.848 21 24 1 6 1 2 4 8 16 32
 86 -17.010 -21.857 21 23 1 6 1 2 4 8 16 32
 87  -8.386  -2.264 11 12 1 6 1 2 4 8 16 32
 88  35.834  13.147  2  2 1 6 1 2 4 8 16 32
 89  29.315  54.468  4 22 1 6 1 2 4 8 16 32
 90  48.352  -8.783  3  3 1 6 1 2 4 8 16 32
 91  -2.930  27.039  8 12 1 6 1 2 4 8 16 32
 92 -16.620 -55.389 20 16 1 6 1 2 4 8 16 32
 93 -40.851 -47.742 23  8 1 6 1 2 4 8 16 32
 94 -12.878  -2.039 15 25 1 6 1 2 4 8 16 32
 95 -51.776   7.281  3  6 1 6 1 2 4 8 16 32
 96 -32.922  23.828 14 24 1 6 1 2 4 8 16 32
 97  13.983 -34.521  8 16 1 6 1 2 4 8 16 32
 98 -35.834 -23.834  4  7 1 6 1 2 4 8 16 32
 99  91.858   5.542 19  9 1 6 1 2 4 8 16 32
100 -28.442 -34.180  6 23 1 6 1 2 4 8 16 32
101  33.844  27.875  1 24 1 6 1 2 4 8 16 32
102  98.431  31.348  2 19 1 6 1 2 4 8 16 32
103 -57.751 -27.753  3  9 1 6 1 2 4 8 16 32
104 -43.890  13.007 24 10 1 6 1 2 4 8 16 32
105  37.585  49.768  6 23 1 6 1 2 4 8 16 32
106  -3.687   7.373 14  2 1 6 1 2 4 8 16 32
107 -98.242  61.658 22  5 1 6 1 2 4 8 16 32
108 -23.560 -32.520 14 25 1 6 1 2 4 8 16 32
109  22.980 -18.109  7 17 1 6 1 2 4 8 16 32
110  43.915  -2.985 13 23 1 6 1 2 4 8 16 32
111  71.509  11.652 19 23 1 6 1 2 4 8 16 32
112 -43.011 -38.702  6 13 1 6 1 2 4 8 16 32
113 -83.954   2.179  4  2 1 6 1 2 4 8 16 32
114  11.090 -40.942 17 24 1 6 1 2 4 8 16 32
115  27.173 -13.330 17 22 1 6 1 2 4 8 16 32
116 -86.102 -59.808 13 20 1 6 1 2 4 8 16 32
117 -22.345 -78.278 21 15 1 6 1 2 4 8 16 32
118 -38.727 -33.588  8 12 1 6 1 2 4 8 16 32
119  -1.227 -28.668  7 17 1 6 1 2 4 8 16 32
120  81.329 -44.244 15 21 1 6 1 2 4 8 16 32
121  51.904  19.891  5 10 1 6 1 2 4 8 16 32
122 -34.973 -27.856  6  4 1 6 1 2 4 8 16 32
123 -51.483 -23.248 17 21 1 6 1 2 4 8 16 32
124  -0.647 -46.057  4  3 1 6 1 2 4 8 16 32
125  68.219 -66.986 25 17 1 6 1 2 4 8 16 32
126 -15.149 -25.482 11 19 1 6 1 2 4 8 16 32
127  22.412 -34.375 17 10 1 6 1 2 4 8 16 32
128  36.176 -10.431 17 21 1 6 1 2 4 8 16 32
129 -23.639 -47.681  2 21 1 6 1 2 4 8 16 32
130 -14.722  32.684  7  6 1 6 1 2 4 8 16 32
131  16.821 -12.720 16  8 1 6 1 2 4 8 16 32
132  93.378  23.004  2  8 1 6 1 2 4 8 16 32
133  40.344 -24.176 12 13 1 6 1 2 4 8 16 32
134   5.530  -4.901  7  7 1 6 1 2 4 8 16 32
135 -78.015   1.270 19 11 1 6 1 2 4 8 16 32
136  51.569 -45.673 16 18 1 6 1 2 4 8 16 32
137  49.249 -30.896 17 10 1 6 1 2 4 8 16 32
138 -62.195 -21.399  8 25 1 6 1 2 4 8 16 32
139  -5.048   7.306 24  7 1 6 1 2 4 8 16 32
140   1.727 -70.221 10 17 1 6 1 2 4 8 16 32
141   1.361  -3.564 20 20 1 6 1 2 4 8 16 32
142 -15.521  16.425  8 18 1 6 1 2 4 8 16 32
143 -31.604 -60.938  6 21 1 6 1 2 4 8 16 32
144 -46.997 -55.560  5 14 1 6 1 2 4 8 16 32
145   2.301   5.536 23  2 1 6 1 2 4 8 16 32
146 -30.328  -0.580 14 18 1 6 1 2 4 8 16 32
147 -16.821  17.664 23 10 1 6 1 2 4 8 16 32
148  52.655  29.034 13  5 1 6 1 2 4 8 16 32
149 -11.993 -83.771 12 15 1 6 1 2 4 8 16 32
150  41.632  43.048 13 17 1 6 1 2 4 8 16 32
151   8.508  -2.539 20 12 1 6 1 2 4 8 16 32
152  31.512  -8.978 14 14 1 6 1 2 4 8 16 32
153  -3.339 -36.243  6  3 1 6 1 2 4 8 16 32
154 -26.379  13.776  4  7 1 6 1 2 4 8 16 32
155  28.430  10.571 13 21 1 6 1 2 4 8 16 32
156   5.975  27.289  1  7 1 6 1 2 4 8 16 32
157 -32.135 -45.068  9  5 1 6 1 2 4 8 16 32
158  31.097  -7.916  5 24 1 6 1 2 4 8 16 32
159  28.198 -29.755  7 13 1 6 1 2 4 8 16 32
160 -39.612 -33.594  4 18 1 6 1 2 4 8 16 32
161 -19.220  -5.133 12 19 1 6 1 2 4 8 16 32
162 -10.114  69.977 20 22 1 6 1 2 4 8 16 32
163  22.894 -44.348 20 13 1 6 1 2 4 8 16 32
164 -34.741   0.580 14 10 1 6 1 2 4 8 16 32
165 -44.952 -77.734 11  4 1 6 1 2 4 8 16 32
166 -23.749 -56.012  1 17 1 6 1 2 4 8 16 32
167  69.073 -97.125  5  2 1 6 1 2 4 8 16 32
168  12.170 -59.869  1 18 1 6 1 2 4 8 16 32
169  47.339  17.365 14  2 1 6 1 2 4 8 16 32
170  -4.706  14.056 19 18 1 6 1 2 4 8 16 32
171 -52.374 -50.244 16 13 1 6 1 2 4 8 16 32
172  39.215 -29.773 21 24 1 6 1 2 4 8 16 32
173 -42.316 -60.602  9 25 1 6 1 2 4 8 16 32
174  19.135  41.150  1  2 1 6 1 2 4 8 16 32
175 -54.706 -17.596 18  2 1 6 1 2 4 8 16 32
176  11.737 -83.173  7  7 1 6 1 2 4 8 16 32
177 -40.582 -53.247 15 23 1 6 1 2 4 8 16 32
178  -6.421  21.967 21 21 1 6 1 2 4 8 16 32
179 -31.268 -34.613  4 18 1 6 1 2 4 8 16 32
180  -3.668 -26.868 21 21 1 6 1 2 4 8 16 32
181  13.409 -22.302 10 23 1 6 1 2 4 8 16 32
182 -95.892 -86.322 16 16 1 6 1 2 4 8 16 32
183  88.983 -53.387 21 22 1 6 1 2 4 8 16 32
184 -55.048 -32.538  7 11 1 6 1 2 4 8 16 32
185  27.850 -10.028  8 22 1 6 1 2 4 8 16 32
186  40.918 -36.090  6 10 1 6 1 2 4 8 16 32
187 -58.350  15.814 23 15 1 6 1 2 4 8 16 32
188 -52.161 -74.725 18 23 1 6 1 2 4 8 16 32
189 -66.772 -34.943  6  7 1 6 1 2 4 8 16 32
190 -33.374 -62.024  6  1 1 6 1 2 4 8 16 32
191  -8.649  31.708 14 21 1 6 1 2 4 8 16 32
192 -26.166 -56.152 14 11 1 6 1 2 4 8 16 32
193 -39.874 -53.375 22  2 1 6 1 2 4 8 16 32
194  71.643 -36.981 22 24 1 6 1 2 4 8 16 32
195 -96.924   8.411 25 25 1 6 1 2 4 8 16 32
196  -2.911  36.200 13 17 1 6 1 2 4 8 16 32
197 -53.253  14.099 21 10 1 6 1 2 4 8 16 32
198  67.316 -39.734 14 18 1 6 1 2 4 8 16 32
199  -6.525  11.975 18  2 1 6 1 2 4 8 16 32
200  16.425  33.221 18 12 1 6 1 2 4 8 16 32
201 -19.061 -56.921 11  4 1 6 1 2 4 8 16 32
202  25.189 -21.045 10  1 1 6 1 2 4 8 16 32
203  37.854  -5.524 15  1 1 6 1 2 4 8 16 32
204 -16.479  48.657  3  6 1 6 1 2 4 8 16 32
205   2.344 -16.516  2 22 1 6 1 2 4 8 16 32
206 -48.621 -12.390 12 25 1 6 1 2 4 8 16 32
207 -42.621 -50.006 18 21 1 6 1 2 4 8 16 32
208  16.016  11.169  1 18 1 6 1 2 4 8 16 32
209 -80.408 -60.583  3 14 1 6 1 2 4 8 16 32
210 -95.068  44.293  4 21 1 6 1 2 4 8 16 32
211  -6.885  24.884 12  4 1 6 1 2 4 8 16 32
212  -4.803  21.674 15  1 1 6 1 2 4 8 16 32
213   7.037 -45.337 22 18 1 6 1 2 4 8 16 32
214  31.293 -39.905 20  4 1 6 1 2 4 8 16 32
215  14.984  26.172 16  4 1 6 1 2 4 8 16 32
216  33.203 -52.289 11  5 1 6 1 2 4 8 16 32
217 -59.277  39.667 20 15 1 6 1 2 4 8 16 32
218  30.054 -36.823 13  5 1 6 1 2 4 8 16 32
219   9.351 -39.044  9 22 1 6 1 2 4 8 16 32
220 -10.651  54.431 16 21 1 6 1 2 4 8 16 32
221  20.856 -26.465  7 17 1 6 1 2 4 8 16 32
222  19.617  17.865 21  8 1 6 1 2 4 8 16 32
223 -36.981 -92.950 18  4 1 6 1 2 4 8 16 32
224  -3.760  59.875  4  4 1 6 1 2 4 8 16 32
225  11.682 -63.336 15 16 1 6 1 2 4 8 16 32
226   4.468 -36.133  5  5 1 6 1 2 4 8 16 32
227  47.040 -41.254 24 15 1 6 1 2 4 8 16 32
228  29.938 -58.710 21 25 1 6 1 2 4 8 16 32
229 -70.569  -7.037  7 15 1 6 1 2 4 8 16 32
230  56.262   1.819 24  7 1 6 1 2 4 8 16 32
231  46.210 -53.522 22 19 1 6 1 2 4 8 16 32
232   6.366 -14.264  1 11 1 6 1 2 4 8 16 32
233 -34.540 -39.502  6 13 1 6 1 2 4 8 16 32
234 -50.537  28.357  4 24 1 6 1 2 4 8 16 32
235 -61.444 -10.901 14  4 1 6 1 2 4 8 16 32
236 -30.823  17.902 18 13 1 6 1 2 4 8 16 32
237  49.658  24.469 16  6 1 6 1 2 4 8 16 32
238 -69.775 -41.406  1  4 1 6 1 2 4 8 16 32
239 -18.939  57.690 24 12 1 6 1 2 4 8 16 32
240 -22.449  15.771 19  4 1 6 1 2 4 8 16 32
241  -7.599  37.030 19  4 1 6 1 2 4 8 16 32
242  27.435  17.554 11 25 1 6 1 2 4 8 16 32
243  45.526  -5.127  9 25 1 6 1 2 4 8 16 32
244 -33.551 -25.586  3 14 1 6 1 2 4 8 16 32
245  -4.645  53.754  1 25 1 6 1 2 4 8 16 32
246 -41.119 -13.361 10 13 1 6 1 2 4 8 16 32
247  23.010 -45.703 19 13 1 6 1 2 4 8 16 32
248  17.230   5.096 14 11 1 6 1 2 4 8 16 32
249  -6.818 -19.873 14 24 1 6 1 2 4 8 16 32
250  52.966  51.410 24  5 1 6 1 2 4 8 16 32
251 -28.662 -50.940 16 12 1 6 1 2 4 8 16 32
252  69.684 -51.520  6  4 1 6 1 2 4 8 16 32
253  36.884 -17.371  9  5 1 6 1 2 4 8 16 32
254 -19.659  42.035 20 24 1 6 1 2 4 8 16 32
255  72.125  65.405 21 17 1 6 1 2 4 8 16 32
256 -71.368  59.863  8  4 1 6 1 2 4 8 16 32
257  18.317 -37.750 11  1 1 6 1 2 4 8 16 32
258  18.121   0.482 13 19 1 6 1 2 4 8 16 32
259  -1.105 -30.676 24  7 1 6 1 2 4 8 16 32
260 -44.574 -44.055 15 24 1 6 1 2 4 8 16 32
261 -28.058 -59.436  6 10 1 6 1 2 4 8 16 32
262  -7.953   4.639 24 13 1 6 1 2 4 8 16 32
263 -37.366 -28.528  3 24 1 6 1 2 4 8 16 32
264   4.388 -38.489 16  3 1 6 1 2 4 8 16 32
265 -44.592 -35.333 24 14 1 6 1 2 4 8 16 32
266 -56.714 -39.252 19  2 1 6 1 2 4 8 16 32
267  13.452 -32.159  5 24 1 6 1 2 4 8 16 32
268 -20.343 -11.182 11 11 1 6 1 2 4 8 16 32
269   3.436 -52.734 19  5 1 6 1 2 4 8 16 32
270  40.576 -54.492 22 14 1 6 1 2 4 8 16 32
271  31.952 -25.421 23 21 1 6 1 2 4 8 16 32
272 -57.434  38.525 12 14 1 6 1 2 4 8 16 32
273  47.510 -42.035 23 15 1 6 1 2 4 8 16 32
274 -28.143 -41.614 25  3 1 6 1 2 4 8 16 32
275  -2.258  -5.078  3 15 1 6 1 2 4 8 16 32
276 -27.167 -27.936 25 15 1 6 1 2 4 8 16 32
277 -24.048 -47.192  1 21 1 6 1 2 4 8 16 32
278 -77.521 -55.084 16 17 1 6 1 2 4 8 16 32
279 -62.036 -43.439 21 18 1 6 1 2 4 8 16 32
280 -71.936 -20.160 11 15 1 6 1 2 4 8 16 32
281 -66.504 -39.789  6 19 1 6 1 2 4 8 16 32
282  14.587  48.444 14  9 1 6 1 2 4 8 16 32
283  31.366 -29.462 23 10 1 6 1 2 4 8 16 32
284   6.512 -46.124  9 13 1 6 1 2 4 8 16 32
285   9.650  39.508  8 25 1 6 1 2 4 8 16 32
286  16.040  16.681 19  1 1 6 1 2 4 8 16 32
287   7.745 -75.378 17 11 1 6 1 2 4 8 16 32
288 -27.173  -4.462 15 25 1 6 1 2 4 8 16 32
289 -40.198 -12.781  0  0 0 0
290 -40.488 -35.864  0  0 0 0
291  -1.193   2.515  0  0 0 0
292  18.329 -35.468  0  0 0 0
293  23.746  -0.522  0  0 0 0
294 -46.396 -39.923  0  0 0 0
