2 14 249 2
310 500
310 500
  1 -99 -97 0   6 1 2 1 2
  2 -59  50 0  72 1 2 1 2
  3   0  14 0  93 1 2 1 2
  4 -17 -66 0  28 1 2 1 2
  5 -69 -19 0   5 1 2 1 2
  6  31  12 0  43 1 2 1 2
  7   5 -41 0   1 1 2 1 2
  8 -12  10 0  36 1 2 1 2
  9 -64  70 0  53 1 2 1 2
 10 -12  85 0  63 1 2 1 2
 11 -18  64 0  25 1 2 1 2
 12 -77 -16 0  50 1 2 1 2
 13 -53  88 0  57 1 2 1 2
 14  83 -24 0   1 1 2 1 2
 15  24  41 0  66 1 2 1 2
 16  17  21 0  37 1 2 1 2
 17  42  96 0  51 1 2 1 2
 18 -65   0 0  47 1 2 1 2
 19 -47 -26 0  88 1 2 1 2
 20  85  36 0  75 1 2 1 2
 21 -35 -54 0  48 1 2 1 2
 22  54 -21 0  40 1 2 1 2
 23  64 -17 0   8 1 2 1 2
 24  55  89 0  69 1 2 1 2
 25  17 -25 0  93 1 2 1 2
 26 -61  66 0  29 1 2 1 2
 27 -61  26 0   5 1 2 1 2
 28  17 -72 0  53 1 2 1 2
 29  79  38 0   8 1 2 1 2
 30 -62  -2 0  24 1 2 1 2
 31 -90 -68 0  53 1 2 1 2
 32  52  66 0  13 1 2 1 2
 33 -54 -50 0  47 1 2 1 2
 34   8 -84 0  57 1 2 1 2
 35  37 -90 0   9 1 2 1 2
 36 -83  49 0  74 1 2 1 2
 37  35  -1 0  83 1 2 1 2
 38   7  59 0  96 1 2 1 2
 39  12  48 0  42 1 2 1 2
 40  57  95 0  80 1 2 1 2
 41  92  28 0  22 1 2 1 2
 42  -3  97 0  56 1 2 1 2
 43  -7  52 0  43 1 2 1 2
 44  42 -15 0  12 1 2 1 2
 45  77 -43 0  73 1 2 1 2
 46  59 -49 0  32 1 2 1 2
 47  25  91 0   8 1 2 1 2
 48  69 -19 0  79 1 2 1 2
 49 -82 -14 0  79 1 2 1 2
 50  74 -70 0   4 1 2 1 2
 51  69  59 0  14 1 2 1 2
 52  29  33 0  17 1 2 1 2
 53 -97   9 0  19 1 2 1 2
 54 -58   9 0  44 1 2 1 2
 55  28  93 0   5 1 2 1 2
 56   7  73 0  37 1 2 1 2
 57 -28  73 0 100 1 2 1 2
 58 -76  55 0  62 1 2 1 2
 59  41  42 0  90 1 2 1 2
 60  92  40 0  57 1 2 1 2
 61 -84 -29 0  44 1 2 1 2
 62 -12  42 0  37 1 2 1 2
 63  51 -45 0  80 1 2 1 2
 64 -37  46 0  60 1 2 1 2
 65 -97  35 0  95 1 2 1 2
 66  14  89 0  56 1 2 1 2
 67  60  58 0  56 1 2 1 2
 68 -63 -75 0   9 1 2 1 2
 69 -18  34 0  39 1 2 1 2
 70 -46 -82 0  15 1 2 1 2
 71 -86 -79 0   4 1 2 1 2
 72 -43 -30 0  58 1 2 1 2
 73 -44   7 0  73 1 2 1 2
 74  -3 -20 0   5 1 2 1 2
 75  36  41 0  12 1 2 1 2
 76 -30 -94 0   3 1 2 1 2
 77  79 -62 0   8 1 2 1 2
 78  51  70 0  31 1 2 1 2
 79 -61 -26 0  48 1 2 1 2
 80   6  94 0   3 1 2 1 2
 81 -19 -62 0  52 1 2 1 2
 82 -20  51 0  99 1 2 1 2
 83 -81  37 0  29 1 2 1 2
 84   7  31 0  12 1 2 1 2
 85  52  12 0  50 1 2 1 2
 86  83 -91 0  98 1 2 1 2
 87  -7 -92 0   4 1 2 1 2
 88  82 -74 0  56 1 2 1 2
 89 -70  85 0  24 1 2 1 2
 90 -83 -30 0  33 1 2 1 2
 91  71 -61 0  45 1 2 1 2
 92  85  11 0  98 1 2 1 2
 93  66 -48 0   4 1 2 1 2
 94  78 -87 0  36 1 2 1 2
 95   9 -79 0  72 1 2 1 2
 96 -36   4 0  26 1 2 1 2
 97  66  39 0  71 1 2 1 2
 98  92 -17 0  84 1 2 1 2
 99 -46 -79 0  21 1 2 1 2
100 -30 -63 0  99 1 2 1 2
101 -42  63 0  33 1 2 1 2
102  20  42 0  84 1 2 1 2
103  15  98 0  74 1 2 1 2
104   1 -17 0  93 1 2 1 2
105  64  20 0  25 1 2 1 2
106 -96  85 0  39 1 2 1 2
107  93 -29 0  42 1 2 1 2
108 -40 -84 0  77 1 2 1 2
109  86  35 0  68 1 2 1 2
110  91  36 0  50 1 2 1 2
111  62  -8 0  42 1 2 1 2
112 -24   4 0  71 1 2 1 2
113  11  96 0  85 1 2 1 2
114 -53  62 0  78 1 2 1 2
115 -28 -71 0  64 1 2 1 2
116   7  -4 0   5 1 2 1 2
117  95  -9 0  93 1 2 1 2
118  -3  17 0  18 1 2 1 2
119  53 -90 0  38 1 2 1 2
120  58 -19 0  29 1 2 1 2
121 -83  84 0  81 1 2 1 2
122  -1  49 0   4 1 2 1 2
123  -4  17 0  23 1 2 1 2
124 -82  -3 0  11 1 2 1 2
125 -43  47 0  86 1 2 1 2
126   6  -6 0   2 1 2 1 2
127  70  99 0  31 1 2 1 2
128  68 -29 0  54 1 2 1 2
129 -94 -30 0  87 1 2 1 2
130 -94 -20 0  17 1 2 1 2
131 -21  77 0  81 1 2 1 2
132  64  37 0  72 1 2 1 2
133 -70 -19 0  10 1 2 1 2
134  88  65 0  50 1 2 1 2
135   2  29 0  25 1 2 1 2
136  33  57 0  71 1 2 1 2
137 -70   6 0  85 1 2 1 2
138 -38 -56 0  51 1 2 1 2
139 -80 -95 0  29 1 2 1 2
140  -5 -39 0  55 1 2 1 2
141   8 -22 0  45 1 2 1 2
142 -61 -76 0 100 1 2 1 2
143  76 -22 0  38 1 2 1 2
144  49 -71 0  11 1 2 1 2
145 -30 -68 0  82 1 2 1 2
146   1  34 0  50 1 2 1 2
147  77  79 0  39 1 2 1 2
148 -58  64 0   6 1 2 1 2
149  82 -97 0  87 1 2 1 2
150 -80  55 0  83 1 2 1 2
151  81 -86 0  22 1 2 1 2
152  39 -49 0  24 1 2 1 2
153 -67  72 0  69 1 2 1 2
154 -25 -89 0  97 1 2 1 2
155 -44 -95 0  65 1 2 1 2
156  32 -68 0  97 1 2 1 2
157 -17  49 0  79 1 2 1 2
158  93  49 0  79 1 2 1 2
159  99  81 0  46 1 2 1 2
160  10 -49 0  52 1 2 1 2
161  63 -41 0  39 1 2 1 2
162  38  39 0  94 1 2 1 2
163 -28  39 0  97 1 2 1 2
164  -2 -47 0  18 1 2 1 2
165  38   8 0   3 1 2 1 2
166 -42  -6 0  23 1 2 1 2
167 -67  88 0  19 1 2 1 2
168  19  93 0  40 1 2 1 2
169  40  27 0  49 1 2 1 2
170 -61  56 0  96 1 2 1 2
171  43  33 0  58 1 2 1 2
172 -18 -39 0  15 1 2 1 2
173 -69  19 0  21 1 2 1 2
174  75 -18 0  56 1 2 1 2
175  31  85 0  67 1 2 1 2
176  25  58 0  10 1 2 1 2
177 -16  36 0  36 1 2 1 2
178  91  15 0  84 1 2 1 2
179  60 -39 0  59 1 2 1 2
180  49 -47 0  85 1 2 1 2
181  42  33 0  60 1 2 1 2
182  16 -81 0  33 1 2 1 2
183 -78  53 0  62 1 2 1 2
184  53 -80 0  70 1 2 1 2
185 -46 -26 0  79 1 2 1 2
186 -25 -54 0  98 1 2 1 2
187  69 -46 0  99 1 2 1 2
188   0 -78 0  18 1 2 1 2
189 -84  74 0  55 1 2 1 2
190 -16  16 0  75 1 2 1 2
191 -63 -14 0  94 1 2 1 2
192  51 -77 0  89 1 2 1 2
193 -39  61 0  13 1 2 1 2
194   5  97 0  19 1 2 1 2
195 -55  39 0  19 1 2 1 2
196  70 -14 0  90 1 2 1 2
197   0  95 0  35 1 2 1 2
198 -45   7 0  76 1 2 1 2
199  38 -24 0   3 1 2 1 2
200  50 -37 0  11 1 2 1 2
201  59  71 0  98 1 2 1 2
202 -73 -96 0  92 1 2 1 2
203 -29  72 0   1 1 2 1 2
204 -47  12 0   2 1 2 1 2
205 -88 -61 0  63 1 2 1 2
206 -88  36 0  57 1 2 1 2
207 -46  -3 0  50 1 2 1 2
208  26 -37 0  19 1 2 1 2
209 -39 -67 0  24 1 2 1 2
210  92  27 0  14 1 2 1 2
211 -80 -31 0  18 1 2 1 2
212  93 -50 0  77 1 2 1 2
213 -20  -5 0  28 1 2 1 2
214 -22  73 0  72 1 2 1 2
215  -4  -7 0  49 1 2 1 2
216  54 -48 0  58 1 2 1 2
217 -70  39 0  84 1 2 1 2
218  54 -82 0  58 1 2 1 2
219  29  41 0  41 1 2 1 2
220 -87  51 0  98 1 2 1 2
221 -96 -36 0  77 1 2 1 2
222  49   8 0  57 1 2 1 2
223  -5  54 0  39 1 2 1 2
224 -26  43 0  99 1 2 1 2
225 -11  60 0  83 1 2 1 2
226  40  61 0  54 1 2 1 2
227  82  35 0  86 1 2 1 2
228 -92  12 0   2 1 2 1 2
229 -93 -86 0  14 1 2 1 2
230 -66  63 0  42 1 2 1 2
231 -72 -87 0  14 1 2 1 2
232 -57 -84 0  55 1 2 1 2
233  23  52 0   2 1 2 1 2
234 -56 -62 0  18 1 2 1 2
235 -19  59 0  17 1 2 1 2
236  63 -14 0  22 1 2 1 2
237 -13  38 0  28 1 2 1 2
238 -19  87 0   3 1 2 1 2
239  44 -84 0  96 1 2 1 2
240  98 -17 0  53 1 2 1 2
241 -16  62 0  15 1 2 1 2
242   3  66 0  36 1 2 1 2
243  26  22 0  98 1 2 1 2
244 -38 -81 0  78 1 2 1 2
245  70 -80 0  92 1 2 1 2
246  17 -35 0  65 1 2 1 2
247  96 -83 0  64 1 2 1 2
248 -77  80 0  43 1 2 1 2
249 -14  44 0  50 1 2 1 2
250 -33  33 0   0 0 0
251  33 -33 0   0 0 0
