2 6 249 5
310 500
310 500
310 500
310 500
310 500
  1 -99 -97 0   6 1 5 1 2 4 8 16
  2 -59  50 0  72 1 5 1 2 4 8 16
  3   0  14 0  93 1 5 1 2 4 8 16
  4 -17 -66 0  28 1 5 1 2 4 8 16
  5 -69 -19 0   5 1 5 1 2 4 8 16
  6  31  12 0  43 1 5 1 2 4 8 16
  7   5 -41 0   1 1 5 1 2 4 8 16
  8 -12  10 0  36 1 5 1 2 4 8 16
  9 -64  70 0  53 1 5 1 2 4 8 16
 10 -12  85 0  63 1 5 1 2 4 8 16
 11 -18  64 0  25 1 5 1 2 4 8 16
 12 -77 -16 0  50 1 5 1 2 4 8 16
 13 -53  88 0  57 1 5 1 2 4 8 16
 14  83 -24 0   1 1 5 1 2 4 8 16
 15  24  41 0  66 1 5 1 2 4 8 16
 16  17  21 0  37 1 5 1 2 4 8 16
 17  42  96 0  51 1 5 1 2 4 8 16
 18 -65   0 0  47 1 5 1 2 4 8 16
 19 -47 -26 0  88 1 5 1 2 4 8 16
 20  85  36 0  75 1 5 1 2 4 8 16
 21 -35 -54 0  48 1 5 1 2 4 8 16
 22  54 -21 0  40 1 5 1 2 4 8 16
 23  64 -17 0   8 1 5 1 2 4 8 16
 24  55  89 0  69 1 5 1 2 4 8 16
 25  17 -25 0  93 1 5 1 2 4 8 16
 26 -61  66 0  29 1 5 1 2 4 8 16
 27 -61  26 0   5 1 5 1 2 4 8 16
 28  17 -72 0  53 1 5 1 2 4 8 16
 29  79  38 0   8 1 5 1 2 4 8 16
 30 -62  -2 0  24 1 5 1 2 4 8 16
 31 -90 -68 0  53 1 5 1 2 4 8 16
 32  52  66 0  13 1 5 1 2 4 8 16
 33 -54 -50 0  47 1 5 1 2 4 8 16
 34   8 -84 0  57 1 5 1 2 4 8 16
 35  37 -90 0   9 1 5 1 2 4 8 16
 36 -83  49 0  74 1 5 1 2 4 8 16
 37  35  -1 0  83 1 5 1 2 4 8 16
 38   7  59 0  96 1 5 1 2 4 8 16
 39  12  48 0  42 1 5 1 2 4 8 16
 40  57  95 0  80 1 5 1 2 4 8 16
 41  92  28 0  22 1 5 1 2 4 8 16
 42  -3  97 0  56 1 5 1 2 4 8 16
 43  -7  52 0  43 1 5 1 2 4 8 16
 44  42 -15 0  12 1 5 1 2 4 8 16
 45  77 -43 0  73 1 5 1 2 4 8 16
 46  59 -49 0  32 1 5 1 2 4 8 16
 47  25  91 0   8 1 5 1 2 4 8 16
 48  69 -19 0  79 1 5 1 2 4 8 16
 49 -82 -14 0  79 1 5 1 2 4 8 16
 50  74 -70 0   4 1 5 1 2 4 8 16
 51  69  59 0  14 1 5 1 2 4 8 16
 52  29  33 0  17 1 5 1 2 4 8 16
 53 -97   9 0  19 1 5 1 2 4 8 16
 54 -58   9 0  44 1 5 1 2 4 8 16
 55  28  93 0   5 1 5 1 2 4 8 16
 56   7  73 0  37 1 5 1 2 4 8 16
 57 -28  73 0 100 1 5 1 2 4 8 16
 58 -76  55 0  62 1 5 1 2 4 8 16
 59  41  42 0  90 1 5 1 2 4 8 16
 60  92  40 0  57 1 5 1 2 4 8 16
 61 -84 -29 0  44 1 5 1 2 4 8 16
 62 -12  42 0  37 1 5 1 2 4 8 16
 63  51 -45 0  80 1 5 1 2 4 8 16
 64 -37  46 0  60 1 5 1 2 4 8 16
 65 -97  35 0  95 1 5 1 2 4 8 16
 66  14  89 0  56 1 5 1 2 4 8 16
 67  60  58 0  56 1 5 1 2 4 8 16
 68 -63 -75 0   9 1 5 1 2 4 8 16
 69 -18  34 0  39 1 5 1 2 4 8 16
 70 -46 -82 0  15 1 5 1 2 4 8 16
 71 -86 -79 0   4 1 5 1 2 4 8 16
 72 -43 -30 0  58 1 5 1 2 4 8 16
 73 -44   7 0  73 1 5 1 2 4 8 16
 74  -3 -20 0   5 1 5 1 2 4 8 16
 75  36  41 0  12 1 5 1 2 4 8 16
 76 -30 -94 0   3 1 5 1 2 4 8 16
 77  79 -62 0   8 1 5 1 2 4 8 16
 78  51  70 0  31 1 5 1 2 4 8 16
 79 -61 -26 0  48 1 5 1 2 4 8 16
 80   6  94 0   3 1 5 1 2 4 8 16
 81 -19 -62 0  52 1 5 1 2 4 8 16
 82 -20  51 0  99 1 5 1 2 4 8 16
 83 -81  37 0  29 1 5 1 2 4 8 16
 84   7  31 0  12 1 5 1 2 4 8 16
 85  52  12 0  50 1 5 1 2 4 8 16
 86  83 -91 0  98 1 5 1 2 4 8 16
 87  -7 -92 0   4 1 5 1 2 4 8 16
 88  82 -74 0  56 1 5 1 2 4 8 16
 89 -70  85 0  24 1 5 1 2 4 8 16
 90 -83 -30 0  33 1 5 1 2 4 8 16
 91  71 -61 0  45 1 5 1 2 4 8 16
 92  85  11 0  98 1 5 1 2 4 8 16
 93  66 -48 0   4 1 5 1 2 4 8 16
 94  78 -87 0  36 1 5 1 2 4 8 16
 95   9 -79 0  72 1 5 1 2 4 8 16
 96 -36   4 0  26 1 5 1 2 4 8 16
 97  66  39 0  71 1 5 1 2 4 8 16
 98  92 -17 0  84 1 5 1 2 4 8 16
 99 -46 -79 0  21 1 5 1 2 4 8 16
100 -30 -63 0  99 1 5 1 2 4 8 16
101 -42  63 0  33 1 5 1 2 4 8 16
102  20  42 0  84 1 5 1 2 4 8 16
103  15  98 0  74 1 5 1 2 4 8 16
104   1 -17 0  93 1 5 1 2 4 8 16
105  64  20 0  25 1 5 1 2 4 8 16
106 -96  85 0  39 1 5 1 2 4 8 16
107  93 -29 0  42 1 5 1 2 4 8 16
108 -40 -84 0  77 1 5 1 2 4 8 16
109  86  35 0  68 1 5 1 2 4 8 16
110  91  36 0  50 1 5 1 2 4 8 16
111  62  -8 0  42 1 5 1 2 4 8 16
112 -24   4 0  71 1 5 1 2 4 8 16
113  11  96 0  85 1 5 1 2 4 8 16
114 -53  62 0  78 1 5 1 2 4 8 16
115 -28 -71 0  64 1 5 1 2 4 8 16
116   7  -4 0   5 1 5 1 2 4 8 16
117  95  -9 0  93 1 5 1 2 4 8 16
118  -3  17 0  18 1 5 1 2 4 8 16
119  53 -90 0  38 1 5 1 2 4 8 16
120  58 -19 0  29 1 5 1 2 4 8 16
121 -83  84 0  81 1 5 1 2 4 8 16
122  -1  49 0   4 1 5 1 2 4 8 16
123  -4  17 0  23 1 5 1 2 4 8 16
124 -82  -3 0  11 1 5 1 2 4 8 16
125 -43  47 0  86 1 5 1 2 4 8 16
126   6  -6 0   2 1 5 1 2 4 8 16
127  70  99 0  31 1 5 1 2 4 8 16
128  68 -29 0  54 1 5 1 2 4 8 16
129 -94 -30 0  87 1 5 1 2 4 8 16
130 -94 -20 0  17 1 5 1 2 4 8 16
131 -21  77 0  81 1 5 1 2 4 8 16
132  64  37 0  72 1 5 1 2 4 8 16
133 -70 -19 0  10 1 5 1 2 4 8 16
134  88  65 0  50 1 5 1 2 4 8 16
135   2  29 0  25 1 5 1 2 4 8 16
136  33  57 0  71 1 5 1 2 4 8 16
137 -70   6 0  85 1 5 1 2 4 8 16
138 -38 -56 0  51 1 5 1 2 4 8 16
139 -80 -95 0  29 1 5 1 2 4 8 16
140  -5 -39 0  55 1 5 1 2 4 8 16
141   8 -22 0  45 1 5 1 2 4 8 16
142 -61 -76 0 100 1 5 1 2 4 8 16
143  76 -22 0  38 1 5 1 2 4 8 16
144  49 -71 0  11 1 5 1 2 4 8 16
145 -30 -68 0  82 1 5 1 2 4 8 16
146   1  34 0  50 1 5 1 2 4 8 16
147  77  79 0  39 1 5 1 2 4 8 16
148 -58  64 0   6 1 5 1 2 4 8 16
149  82 -97 0  87 1 5 1 2 4 8 16
150 -80  55 0  83 1 5 1 2 4 8 16
151  81 -86 0  22 1 5 1 2 4 8 16
152  39 -49 0  24 1 5 1 2 4 8 16
153 -67  72 0  69 1 5 1 2 4 8 16
154 -25 -89 0  97 1 5 1 2 4 8 16
155 -44 -95 0  65 1 5 1 2 4 8 16
156  32 -68 0  97 1 5 1 2 4 8 16
157 -17  49 0  79 1 5 1 2 4 8 16
158  93  49 0  79 1 5 1 2 4 8 16
159  99  81 0  46 1 5 1 2 4 8 16
160  10 -49 0  52 1 5 1 2 4 8 16
161  63 -41 0  39 1 5 1 2 4 8 16
162  38  39 0  94 1 5 1 2 4 8 16
163 -28  39 0  97 1 5 1 2 4 8 16
164  -2 -47 0  18 1 5 1 2 4 8 16
165  38   8 0   3 1 5 1 2 4 8 16
166 -42  -6 0  23 1 5 1 2 4 8 16
167 -67  88 0  19 1 5 1 2 4 8 16
168  19  93 0  40 1 5 1 2 4 8 16
169  40  27 0  49 1 5 1 2 4 8 16
170 -61  56 0  96 1 5 1 2 4 8 16
171  43  33 0  58 1 5 1 2 4 8 16
172 -18 -39 0  15 1 5 1 2 4 8 16
173 -69  19 0  21 1 5 1 2 4 8 16
174  75 -18 0  56 1 5 1 2 4 8 16
175  31  85 0  67 1 5 1 2 4 8 16
176  25  58 0  10 1 5 1 2 4 8 16
177 -16  36 0  36 1 5 1 2 4 8 16
178  91  15 0  84 1 5 1 2 4 8 16
179  60 -39 0  59 1 5 1 2 4 8 16
180  49 -47 0  85 1 5 1 2 4 8 16
181  42  33 0  60 1 5 1 2 4 8 16
182  16 -81 0  33 1 5 1 2 4 8 16
183 -78  53 0  62 1 5 1 2 4 8 16
184  53 -80 0  70 1 5 1 2 4 8 16
185 -46 -26 0  79 1 5 1 2 4 8 16
186 -25 -54 0  98 1 5 1 2 4 8 16
187  69 -46 0  99 1 5 1 2 4 8 16
188   0 -78 0  18 1 5 1 2 4 8 16
189 -84  74 0  55 1 5 1 2 4 8 16
190 -16  16 0  75 1 5 1 2 4 8 16
191 -63 -14 0  94 1 5 1 2 4 8 16
192  51 -77 0  89 1 5 1 2 4 8 16
193 -39  61 0  13 1 5 1 2 4 8 16
194   5  97 0  19 1 5 1 2 4 8 16
195 -55  39 0  19 1 5 1 2 4 8 16
196  70 -14 0  90 1 5 1 2 4 8 16
197   0  95 0  35 1 5 1 2 4 8 16
198 -45   7 0  76 1 5 1 2 4 8 16
199  38 -24 0   3 1 5 1 2 4 8 16
200  50 -37 0  11 1 5 1 2 4 8 16
201  59  71 0  98 1 5 1 2 4 8 16
202 -73 -96 0  92 1 5 1 2 4 8 16
203 -29  72 0   1 1 5 1 2 4 8 16
204 -47  12 0   2 1 5 1 2 4 8 16
205 -88 -61 0  63 1 5 1 2 4 8 16
206 -88  36 0  57 1 5 1 2 4 8 16
207 -46  -3 0  50 1 5 1 2 4 8 16
208  26 -37 0  19 1 5 1 2 4 8 16
209 -39 -67 0  24 1 5 1 2 4 8 16
210  92  27 0  14 1 5 1 2 4 8 16
211 -80 -31 0  18 1 5 1 2 4 8 16
212  93 -50 0  77 1 5 1 2 4 8 16
213 -20  -5 0  28 1 5 1 2 4 8 16
214 -22  73 0  72 1 5 1 2 4 8 16
215  -4  -7 0  49 1 5 1 2 4 8 16
216  54 -48 0  58 1 5 1 2 4 8 16
217 -70  39 0  84 1 5 1 2 4 8 16
218  54 -82 0  58 1 5 1 2 4 8 16
219  29  41 0  41 1 5 1 2 4 8 16
220 -87  51 0  98 1 5 1 2 4 8 16
221 -96 -36 0  77 1 5 1 2 4 8 16
222  49   8 0  57 1 5 1 2 4 8 16
223  -5  54 0  39 1 5 1 2 4 8 16
224 -26  43 0  99 1 5 1 2 4 8 16
225 -11  60 0  83 1 5 1 2 4 8 16
226  40  61 0  54 1 5 1 2 4 8 16
227  82  35 0  86 1 5 1 2 4 8 16
228 -92  12 0   2 1 5 1 2 4 8 16
229 -93 -86 0  14 1 5 1 2 4 8 16
230 -66  63 0  42 1 5 1 2 4 8 16
231 -72 -87 0  14 1 5 1 2 4 8 16
232 -57 -84 0  55 1 5 1 2 4 8 16
233  23  52 0   2 1 5 1 2 4 8 16
234 -56 -62 0  18 1 5 1 2 4 8 16
235 -19  59 0  17 1 5 1 2 4 8 16
236  63 -14 0  22 1 5 1 2 4 8 16
237 -13  38 0  28 1 5 1 2 4 8 16
238 -19  87 0   3 1 5 1 2 4 8 16
239  44 -84 0  96 1 5 1 2 4 8 16
240  98 -17 0  53 1 5 1 2 4 8 16
241 -16  62 0  15 1 5 1 2 4 8 16
242   3  66 0  36 1 5 1 2 4 8 16
243  26  22 0  98 1 5 1 2 4 8 16
244 -38 -81 0  78 1 5 1 2 4 8 16
245  70 -80 0  92 1 5 1 2 4 8 16
246  17 -35 0  65 1 5 1 2 4 8 16
247  96 -83 0  64 1 5 1 2 4 8 16
248 -77  80 0  43 1 5 1 2 4 8 16
249 -14  44 0  50 1 5 1 2 4 8 16
250  70   0 0   0 0 0
251  40  80 0   0 0 0
252  40 -80 0   0 0 0
253 -60  20 0   0 0 0
254 -60 -20 0   0 0 0
