4	14	100	1												
0	200														
0	40	50	0	0	0	0	0	240							
1	25	85	10	20	1	1	2	7	19	73	113				
2	22	75	10	30	1	1	3	2	57	77	129	198	251		
3	22	85	10	10	1	1	4	16	56	72	105	155	166	204	228
4	20	80	10	40	1	1	2	9	47	104	121				
5	20	85	10	20	1	1	3	38	68	91	112	154	195		
6	18	75	10	20	1	1	2	27	58	121	153				
7	15	75	10	20	1	1	3	22	63	91	103	132	174		
8	15	80	10	10	1	1	3	25	89	108	152	164	201		
9	10	35	10	20	1	1	3	46	58	114	134	165	208		
10	10	40	10	30	1	1	3	23	60	77	90	116	178		
11	8	40	10	40	1	1	2	16	69	95	109				
12	8	45	10	20	1	1	3	9	48	84	106	175	216		
13	5	35	10	10	1	1	4	32	71	103	118	168	181	236	267
14	5	45	10	10	1	1	3	26	59	69	97	149	199		
15	2	40	10	20	1	1	4	4	20	47	91	135	178	232	272
16	0	40	10	20	1	1	3	4	37	55	111	135	145		
17	0	45	10	20	1	1	2	12	43	82	136				
18	44	5	10	20	1	1	4	6	48	84	96	133	194	228	251
19	42	10	10	40	1	1	4	32	51	83	104	150	184	218	268
20	42	15	10	10	1	1	2	8	55	70	131				
21	40	5	10	10	1	1	4	28	72	89	109	142	201	238	259
22	40	15	10	40	1	1	3	1	11	71	95	144	210		
23	38	5	10	30	1	1	3	10	45	56	108	145	212		
24	38	15	10	10	1	1	2	27	46	103	149				
25	35	5	10	20	1	1	3	28	74	111	140	154	201		
26	95	30	10	30	1	1	3	13	28	56	112	141	189		
27	95	35	10	20	1	1	2	44	59	118	176				
28	92	30	10	10	1	1	3	16	84	97	131	157	214		
29	90	35	10	10	1	1	3	35	82	115	163	200	237		
30	88	30	10	10	1	1	2	6	24	73	122				
31	88	35	10	20	1	1	2	40	63	79	114				
32	87	30	10	10	1	1	2	37	97	140	209				
33	85	25	10	10	1	1	3	26	83	140	153	197	226		
34	85	35	10	30	1	1	2	29	49	94	108				
35	67	85	10	20	1	1	3	12	27	88	147	169	199		
36	65	85	10	40	1	1	3	8	46	78	108	120	186		
37	65	82	10	10	1	1	2	46	115	135	202				
38	62	80	10	30	1	1	4	17	48	87	111	128	139	208	237
39	60	80	10	10	1	1	4	37	72	89	104	151	189	234	266
40	60	85	10	30	1	1	4	12	59	95	127	152	162	176	199
41	58	75	10	20	1	1	2	20	37	63	117				
42	55	80	10	10	1	1	3	35	87	145	179	232	287		
43	55	85	10	20	1	1	4	28	63	81	119	163	182	230	296
44	55	82	10	10	1	1	3	25	40	62	113	144	199		
45	20	82	10	10	1	1	3	27	84	148	164	197	262		
46	18	80	10	10	1	1	3	18	81	148	193	214	226		
47	2	45	10	10	1	1	2	27	49	71	97				
48	42	5	10	10	1	1	3	37	48	79	116	179	206		
49	42	12	10	10	1	1	4	33	43	76	127	145	157	204	235
50	72	35	10	30	1	1	2	22	52	108	155				
51	55	20	10	19	1	1	2	0	13	78	122				
52	25	30	10	3	1	1	2	20	53	111	174				
53	20	50	10	5	1	1	3	8	55	95	135	148	179		
54	55	60	10	16	1	1	4	34	52	72	104	123	145	207	251
55	30	60	10	16	1	1	2	12	42	94	111				
56	50	35	10	19	1	1	4	10	28	81	114	126	169	211	258
57	30	25	10	23	1	1	2	24	60	89	158				
58	15	10	10	20	1	1	2	5	66	112	126				
59	10	20	10	19	1	1	3	38	66	100	159	185	234		
60	15	60	10	17	1	1	4	7	29	60	77	98	154	183	225
61	45	65	10	9	1	1	2	14	58	88	101				
62	65	35	10	3	1	1	3	18	31	66	115	125	194		
63	65	20	10	6	1	1	3	26	89	149	186	199	246		
64	45	30	10	17	1	1	2	44	63	77	127				
65	35	40	10	16	1	1	2	42	56	122	138				
66	41	37	10	16	1	1	4	9	75	131	153	183	195	207	242
67	64	42	10	9	1	1	3	15	60	124	169	199	241		
68	40	60	10	21	1	1	3	13	81	147	179	194	239		
69	31	52	10	27	1	1	3	9	76	133	162	227	294		
70	35	69	10	23	1	1	3	24	72	129	166	192	230		
71	65	55	10	14	1	1	2	28	96	116	133				
72	63	65	10	8	1	1	2	2	13	33	78				
73	2	60	10	5	1	1	4	3	28	67	86	115	177	211	232
74	20	20	10	8	1	1	2	39	106	129	179				
75	5	5	10	16	1	1	3	39	101	144	170	213	261		
76	60	12	10	31	1	1	3	44	59	71	113	166	234		
77	23	3	10	7	1	1	3	11	75	89	104	141	203		
78	8	56	10	27	1	1	3	9	69	106	128	190	248		
79	6	68	10	30	1	1	3	31	90	110	130	149	164		
80	47	47	10	13	1	1	2	31	90	148	209				
81	49	58	10	10	1	1	2	27	80	105	149				
82	27	43	10	9	1	1	4	6	26	44	71	97	162	212	257
83	37	31	10	14	1	1	2	40	52	111	134				
84	57	29	10	18	1	1	2	10	42	77	104				
85	63	23	10	2	1	1	4	4	27	38	69	92	142	169	201
86	21	24	10	28	1	1	3	22	53	122	139	204	217		
87	12	24	10	13	1	1	3	16	78	131	190	203	238		
88	24	58	10	19	1	1	2	6	45	102	162				
89	67	5	10	25	1	1	3	1	28	41	71	108	158		
90	37	47	10	6	1	1	2	5	59	124	162				
91	49	42	10	13	1	1	3	14	65	92	119	175	242		
92	53	43	10	14	1	1	3	44	71	130	149	197	216		
93	61	52	10	3	1	1	3	35	103	137	167	186	203		
94	57	48	10	23	1	1	3	1	52	97	114	173	183		
95	56	37	10	6	1	1	3	15	68	108	177	205	237		
96	55	54	10	26	1	1	3	1	31	67	123	190	210		
97	4	18	10	35	1	1	4	43	69	97	133	172	202	224	270
98	26	52	10	9	1	1	2	33	95	159	215				
99	26	35	10	15	1	1	2	25	44	92	113				
100	31	67	10	3	1	1	3	34	59	98	115	156	185		
