4	3	100	1																					
0	1000																							
	0	35	35	0	0	0	0	0	1000															
	1	41	49	10	10	1	1	5	16	67	154	229	316	383	468	520	606	664						
	2	35	17	10	7	1	1	8	50	129	198	265	316	371	432	515	575	648	707	781	870	926	993	1088
	3	55	45	10	13	1	1	7	62	114	213	293	360	416	484	562	628	722	795	871	936	988		
	4	55	20	10	19	1	1	7	52	147	205	283	335	408	460	528	586	684	761	849	913	981		
	5	15	30	10	26	1	1	7	6	80	173	229	287	350	417	503	566	619	693	776	836	896		
	6	25	30	10	3	1	1	7	99	175	269	358	432	507	561	645	698	766	834	917	996	1083		
	7	20	50	10	5	1	1	7	30	107	191	241	327	412	499	598	652	707	771	849	927	1004		
	8	10	43	10	9	1	1	8	27	114	168	237	294	382	444	494	561	621	708	770	856	930	987	1064
	9	55	60	10	16	1	1	5	86	158	218	291	375	445	528	586	654	713						
	10	30	60	10	16	1	1	7	66	146	202	272	330	410	464	557	635	728	786	865	955	1011		
	11	20	65	10	12	1	1	7	45	104	189	264	314	400	461	512	609	701	782	864	942	1009		
	12	50	35	10	19	1	1	7	71	132	229	279	374	446	502	580	659	717	806	886	966	1042		
	13	30	25	10	23	1	1	7	45	111	165	246	327	393	447	522	610	673	755	820	883	949		
	14	15	10	10	20	1	1	5	81	177	264	355	422	520	573	643	706	795						
	15	30	5	10	8	1	1	5	89	183	269	350	419	501	573	645	717	777						
	16	10	20	10	19	1	1	6	3	56	113	169	251	334	395	447	518	610	669	724				
	17	5	30	10	2	1	1	6	99	187	282	360	437	526	615	668	746	812	900	993				
	18	20	40	10	12	1	1	5	83	145	211	303	367	427	503	584	656	737						
	19	15	60	10	17	1	1	7	34	93	190	259	334	386	484	583	641	738	833	918	975	1041		
	20	45	65	10	9	1	1	7	36	104	178	239	295	346	445	511	582	662	716	805	878	934		
	21	45	20	10	11	1	1	8	61	137	205	267	317	389	450	512	567	620	690	746	809	896	981	1056
	22	45	10	10	18	1	1	6	80	150	236	324	393	485	556	648	721	800	857	914				
	23	55	5	10	29	1	1	5	68	145	232	292	372	439	517	606	701	756						
	24	65	35	10	3	1	1	7	37	106	204	296	364	458	555	634	693	745	841	901	973	1046		
	25	65	20	10	6	1	1	5	45	133	197	264	345	439	524	574	643	727						
	26	45	30	10	17	1	1	5	36	92	145	226	299	365	454	535	587	644						
	27	35	40	10	16	1	1	5	92	170	239	293	387	458	539	629	687	768						
	28	41	37	10	16	1	1	7	36	111	169	221	307	404	490	547	606	675	733	793	886	964		
	29	64	42	10	9	1	1	6	71	126	183	267	336	397	475	561	642	693	751	827				
	30	40	60	10	21	1	1	7	98	173	226	292	347	439	519	572	637	701	792	881	963	1033		
	31	31	52	10	27	1	1	6	20	110	166	224	312	380	457	516	603	669	729	826				
	32	35	69	10	23	1	1	7	5	70	142	209	277	330	401	483	533	632	726	794	866	943		
	33	53	52	10	11	1	1	5	15	71	154	250	306	359	453	506	602	657						
	34	65	55	10	14	1	1	7	19	116	204	264	331	383	434	505	592	687	766	843	922	987		
	35	63	65	10	8	1	1	7	38	101	180	277	348	402	461	558	647	713	808	905	987	1079		
	36	2	60	10	5	1	1	5	85	150	248	308	364	443	495	553	605	655						
	37	20	20	10	8	1	1	7	90	149	202	265	339	396	462	556	626	685	768	851	948	1008		
	38	5	5	10	16	1	1	6	87	153	216	307	389	467	551	628	724	778	830	906				
	39	60	12	10	31	1	1	7	79	165	238	306	367	462	515	569	642	736	828	898	958	1017		
	40	40	25	10	9	1	1	6	8	67	146	204	286	377	467	559	646	744	828	886				
	41	42	7	10	5	1	1	5	57	143	206	285	343	425	489	545	641	698						
	42	24	12	10	5	1	1	6	67	146	198	257	318	409	470	561	622	690	761	825				
	43	23	3	10	7	1	1	8	9	69	120	188	248	331	395	463	540	619	686	767	823	896	949	1048
	44	11	14	10	18	1	1	7	82	148	219	305	390	442	507	587	641	710	766	840	929	1021		
	45	6	38	10	16	1	1	7	74	126	200	255	331	426	490	574	638	702	790	887	954	1047		
	46	2	48	10	1	1	1	6	93	157	247	304	386	444	521	592	690	783	881	955				
	47	8	56	10	27	1	1	5	1	80	138	229	321	419	485	571	646	745						
	48	13	52	10	36	1	1	7	90	155	214	277	342	424	475	542	613	702	800	858	921	1012		
	49	6	68	10	30	1	1	7	30	102	176	242	302	382	447	536	629	682	770	854	907	1002		
	50	47	47	10	13	1	1	8	49	105	181	247	315	410	482	535	593	644	723	804	878	944	999	1071
	51	49	58	10	10	1	1	7	14	94	157	230	300	357	421	496	575	672	746	811	868	951		
	52	27	43	10	9	1	1	6	49	144	205	272	368	428	508	578	663	761	854	937				
	53	37	31	10	14	1	1	7	97	194	254	319	381	467	532	582	661	718	794	878	934	1008		
	54	57	29	10	18	1	1	5	83	136	195	287	386	464	539	608	663	750						
	55	63	23	10	2	1	1	7	25	86	185	262	347	434	493	544	620	717	773	872	950	1009		
	56	53	12	10	6	1	1	6	90	170	252	344	400	474	548	637	713	774	852	929				
	57	32	12	10	7	1	1	5	68	142	194	278	353	436	524	581	671	767						
	58	36	26	10	18	1	1	6	50	134	209	261	348	417	489	564	627	699	771	822				
	59	21	24	10	28	1	1	6	37	108	186	279	375	452	538	635	734	811	888	947				
	60	17	34	10	3	1	1	7	64	150	224	287	371	449	518	572	651	741	814	909	991	1054		
	61	12	24	10	13	1	1	7	55	123	199	273	324	392	478	569	662	744	818	878	969	1034		
	62	24	58	10	19	1	1	6	23	121	213	290	361	450	515	610	701	786	873	967				
	63	27	69	10	10	1	1	7	0	55	144	211	308	398	492	570	621	678	752	843	924	1016		
	64	15	77	10	9	1	1	7	7	76	128	214	282	370	433	494	568	618	681	761	844	920		
	65	62	77	10	20	1	1	5	57	130	204	288	385	460	528	613	708	779						
	66	49	73	10	25	1	1	7	36	99	190	270	365	460	521	593	666	724	805	882	965	1024		
	67	67	5	10	25	1	1	7	53	138	237	305	358	421	488	571	664	729	793	892	968	1043		
	68	56	39	10	36	1	1	6	89	172	259	341	411	510	572	629	718	805	868	955				
	69	37	47	10	6	1	1	7	49	145	218	271	354	453	528	587	651	739	828	878	977	1034		
	70	37	56	10	5	1	1	7	18	90	166	253	332	421	493	585	684	773	869	929	995	1071		
	71	57	68	10	15	1	1	7	59	119	191	289	343	426	518	576	656	731	801	864	942	1034		
	72	47	16	10	25	1	1	7	23	110	183	245	315	402	473	543	639	719	771	841	891	951		
	73	44	17	10	9	1	1	6	95	182	260	355	435	518	601	665	753	847	921	983				
	74	46	13	10	8	1	1	5	36	88	141	223	306	379	446	526	583	651						
	75	49	11	10	18	1	1	5	85	176	239	316	372	464	545	599	673	755						
	76	49	42	10	13	1	1	6	60	137	191	287	377	459	529	593	674	755	848	936				
	77	53	43	10	14	1	1	6	74	169	245	331	422	512	570	667	718	797	887	966				
	78	61	52	10	3	1	1	7	51	117	179	263	329	387	483	536	615	683	748	802	869	955		
	79	57	48	10	23	1	1	6	90	182	238	334	398	481	560	623	691	743	842	935				
	80	56	37	10	6	1	1	6	79	168	258	334	394	482	573	671	747	814	885	984				
	81	55	54	10	26	1	1	7	22	75	135	220	283	342	413	467	521	597	680	765	856	943		
	82	15	47	10	16	1	1	6	46	142	202	281	378	454	546	611	661	728	815	886				
	83	14	37	10	11	1	1	5	85	135	216	302	391	474	563	648	718	793						
	84	11	31	10	7	1	1	7	60	140	195	276	363	444	513	566	631	695	790	855	906	978		
	85	16	22	10	41	1	1	7	29	89	182	234	292	357	430	514	606	685	763	860	916	996		
	86	4	18	10	35	1	1	7	83	135	234	311	393	446	516	574	650	742	805	886	942	1038		
	87	28	18	10	26	1	1	8	17	89	140	234	304	363	434	529	593	672	723	773	842	905	958	1048
	88	26	52	10	9	1	1	6	92	156	250	347	426	481	532	618	706	799	866	948				
	89	26	35	10	15	1	1	7	79	160	248	299	349	406	502	570	650	721	808	907	993	1091		
	90	31	67	10	3	1	1	5	58	142	216	305	382	481	571	653	704	770						
	91	15	19	10	1	1	1	7	21	84	140	225	276	369	445	501	600	667	734	806	897	955		
	92	22	22	10	2	1	1	7	39	135	205	293	376	457	544	619	681	759	830	909	966	1019		
	93	18	24	10	22	1	1	6	20	117	196	273	348	434	528	625	707	798	894	962				
	94	26	27	10	27	1	1	7	46	126	186	285	378	448	528	579	641	701	754	825	901	983		
	95	25	24	10	20	1	1	6	66	134	199	291	377	452	522	598	685	765	859	955				
	96	22	27	10	11	1	1	6	69	167	259	326	409	491	573	628	724	823	915	973				
	97	25	21	10	12	1	1	7	40	123	191	266	318	372	435	504	596	690	772	822	917	978		
	98	19	21	10	10	1	1	7	98	188	274	353	427	503	556	608	706	772	839	910	999	1084		
	99	20	26	10	9	1	1	7	60	118	216	287	381	453	520	571	632	694	751	847	898	974		
100	18	18	10	17	1	1	1	7	40	99	172	238	336	423	495	558	651	705	785	862	912	963		
